iter    var_error    func_error    n_comm    n_grad
1.000000000000000000e+00    4.530424359066179685e-01    4.719193291409936042e-01    0.000000000000000000e+00    1.000000000000000000e+00
2.000000000000000000e+00    2.506020163009408525e-02    1.170189007853753536e-03    2.000000000000000000e+00    1.020000000000000000e+02
3.000000000000000000e+00    1.694671957461493447e-02    5.970538786897375662e-04    4.000000000000000000e+00    2.030000000000000000e+02
4.000000000000000000e+00    1.006578037630297476e-02    1.915498461912936356e-04    6.000000000000000000e+00    3.040000000000000000e+02
5.000000000000000000e+00    8.985995075173287827e-03    1.522777272846490958e-04    8.000000000000000000e+00    4.050000000000000000e+02
6.000000000000000000e+00    7.484363011185365087e-03    1.032599484979347708e-04    1.000000000000000000e+01    5.060000000000000000e+02
7.000000000000000000e+00    6.939253294876141995e-03    8.879567681182547591e-05    1.200000000000000000e+01    6.070000000000000000e+02
8.000000000000000000e+00    6.151860390011564157e-03    6.922096244135877833e-05    1.400000000000000000e+01    7.080000000000000000e+02
9.000000000000000000e+00    5.748243897530059925e-03    6.059068367164647726e-05    1.600000000000000000e+01    8.090000000000000000e+02
1.000000000000000000e+01    5.231810564804909372e-03    5.002049708965304869e-05    1.800000000000000000e+01    9.100000000000000000e+02
1.100000000000000000e+01    4.908082995213343402e-03    4.417642941670607673e-05    2.000000000000000000e+01    1.011000000000000000e+03
1.200000000000000000e+01    4.533466968349197587e-03    3.764518043038322942e-05    2.200000000000000000e+01    1.112000000000000000e+03
1.300000000000000000e+01    4.266532733812947870e-03    3.345658988914193397e-05    2.400000000000000000e+01    1.213000000000000000e+03
1.400000000000000000e+01    3.978659859887078917e-03    2.909409874839033390e-05    2.600000000000000000e+01    1.314000000000000000e+03
1.500000000000000000e+01    3.755692352556513642e-03    2.600183613475868721e-05    2.800000000000000000e+01    1.415000000000000000e+03
1.600000000000000000e+01    3.526470368670656368e-03    2.294016039506377458e-05    3.000000000000000000e+01    1.516000000000000000e+03
1.700000000000000000e+01    3.338867898663987980e-03    2.061667161032544577e-05    3.200000000000000000e+01    1.617000000000000000e+03
1.800000000000000000e+01    3.152119120914972580e-03    1.839464021838591501e-05    3.400000000000000000e+01    1.718000000000000000e+03
1.900000000000000000e+01    2.993464547873388951e-03    1.662638536622614618e-05    3.600000000000000000e+01    1.819000000000000000e+03
2.000000000000000000e+01    2.838894966180177757e-03    1.497346572700375633e-05    3.800000000000000000e+01    1.920000000000000000e+03
2.100000000000000000e+01    2.704100841467657352e-03    1.361257901210432948e-05    4.000000000000000000e+01    2.021000000000000000e+03
2.200000000000000000e+01    2.574615211174837315e-03    1.235834796505997008e-05    4.200000000000000000e+01    2.122000000000000000e+03
2.300000000000000000e+01    2.459524988356353616e-03    1.129926181892798278e-05    4.400000000000000000e+01    2.223000000000000000e+03
2.400000000000000000e+01    2.349940253843200381e-03    1.033094460312222237e-05    4.600000000000000000e+01    2.324000000000000000e+03
2.500000000000000000e+01    2.251118968695010360e-03    9.497168095819774036e-06    4.800000000000000000e+01    2.425000000000000000e+03
2.600000000000000000e+01    2.157500955622969775e-03    8.737606928713612269e-06    5.000000000000000000e+01    2.526000000000000000e+03
2.700000000000000000e+01    2.072105960076395421e-03    8.073296827627097336e-06    5.200000000000000000e+01    2.627000000000000000e+03
2.800000000000000000e+01    1.991397948970081988e-03    7.468473833549538877e-06    5.400000000000000000e+01    2.728000000000000000e+03
2.900000000000000000e+01    1.917084488260321386e-03    6.932663817031717212e-06    5.600000000000000000e+01    2.829000000000000000e+03
3.000000000000000000e+01    1.846879723561608471e-03    6.444123088382302134e-06    5.800000000000000000e+01    2.930000000000000000e+03
3.100000000000000000e+01    1.781723387462922237e-03    6.006632128258830277e-06    6.000000000000000000e+01    3.031000000000000000e+03
3.200000000000000000e+01    1.720113193566940799e-03    5.606633327695500563e-06    6.200000000000000000e+01    3.132000000000000000e+03
3.300000000000000000e+01    1.662542629421785018e-03    5.245121750338074031e-06    6.400000000000000000e+01    3.233000000000000000e+03
3.400000000000000000e+01    1.608007514688937359e-03    4.913426370601738968e-06    6.600000000000000000e+01    3.334000000000000000e+03
3.500000000000000000e+01    1.556745258966699868e-03    4.611266698529174845e-06    6.800000000000000000e+01    3.435000000000000000e+03
3.600000000000000000e+01    1.508072803407109561e-03    4.332953332743973146e-06    7.000000000000000000e+01    3.536000000000000000e+03
3.700000000000000000e+01    1.462083616268896463e-03    4.077688285662715726e-06    7.200000000000000000e+01    3.637000000000000000e+03
3.800000000000000000e+01    1.418304627071655891e-03    3.841641627615437312e-06    7.400000000000000000e+01    3.738000000000000000e+03
3.900000000000000000e+01    1.376751046717710272e-03    3.623867048274473029e-06    7.600000000000000000e+01    3.839000000000000000e+03
4.000000000000000000e+01    1.337089129023585291e-03    3.421719861244361106e-06    7.800000000000000000e+01    3.940000000000000000e+03
4.100000000000000000e+01    1.299293872908788847e-03    3.234275182869595013e-06    8.000000000000000000e+01    4.041000000000000000e+03
4.200000000000000000e+01    1.263125352949141843e-03    3.059660452517114688e-06    8.200000000000000000e+01    4.142000000000000000e+03
4.300000000000000000e+01    1.228540014360619435e-03    2.897041491788826764e-06    8.400000000000000000e+01    4.243000000000000000e+03
4.400000000000000000e+01    1.195362071177740945e-03    2.745059763774991980e-06    8.600000000000000000e+01    4.344000000000000000e+03
4.500000000000000000e+01    1.163541420684513191e-03    2.602992065525309310e-06    8.800000000000000000e+01    4.445000000000000000e+03
4.600000000000000000e+01    1.132946799842753137e-03    2.469829486257531973e-06    9.000000000000000000e+01    4.546000000000000000e+03
4.700000000000000000e+01    1.103527935776728221e-03    2.344957550807030078e-06    9.200000000000000000e+01    4.647000000000000000e+03
4.800000000000000000e+01    1.075184949620347713e-03    2.227610239653030685e-06    9.400000000000000000e+01    4.748000000000000000e+03
4.900000000000000000e+01    1.047870543746327486e-03    2.117270405858216051e-06    9.600000000000000000e+01    4.849000000000000000e+03
5.000000000000000000e+01    1.021507304084716232e-03    2.013344307798813222e-06    9.800000000000000000e+01    4.950000000000000000e+03
5.100000000000000000e+01    9.960522383167429508e-04    1.915398091078787057e-06    1.000000000000000000e+02    5.051000000000000000e+03
5.200000000000000000e+01    9.714442598852136282e-04    1.822962700483972140e-06    1.020000000000000000e+02    5.152000000000000000e+03
5.300000000000000000e+01    9.476450268850024686e-04    1.735673886376468550e-06    1.040000000000000000e+02    5.253000000000000000e+03
5.400000000000000000e+01    9.246055001997019723e-04    1.653154617977717977e-06    1.060000000000000000e+02    5.354000000000000000e+03
5.500000000000000000e+01    9.022918286550495786e-04    1.575098106234906880e-06    1.080000000000000000e+02    5.455000000000000000e+03
5.600000000000000000e+01    8.806639957874820481e-04    1.501196527970061012e-06    1.100000000000000000e+02    5.556000000000000000e+03
5.700000000000000000e+01    8.596922490111764872e-04    1.431190285451438671e-06    1.120000000000000000e+02    5.657000000000000000e+03
5.800000000000000000e+01    8.393434287284197264e-04    1.364824543717703540e-06    1.140000000000000000e+02    5.758000000000000000e+03
5.900000000000000000e+01    8.195914063712407419e-04    1.301878437593253197e-06    1.160000000000000000e+02    5.859000000000000000e+03
6.000000000000000000e+01    8.004083084735515640e-04    1.242138395827944827e-06    1.180000000000000000e+02    5.960000000000000000e+03
6.100000000000000000e+01    7.817711524092059222e-04    1.185415416447638415e-06    1.200000000000000000e+02    6.061000000000000000e+03
6.200000000000000000e+01    7.636561972998344916e-04    1.131528575689523664e-06    1.220000000000000000e+02    6.162000000000000000e+03
6.300000000000000000e+01    7.460431631534585701e-04    1.080315196082338503e-06    1.240000000000000000e+02    6.263000000000000000e+03
6.400000000000000000e+01    7.289115840790879935e-04    1.031620567041686053e-06    1.260000000000000000e+02    6.364000000000000000e+03
6.500000000000000000e+01    7.122434897903659164e-04    9.853038799461187597e-07    1.280000000000000000e+02    6.465000000000000000e+03
6.600000000000000000e+01    6.960210441307055013e-04    9.412317576115506799e-07    1.300000000000000000e+02    6.566000000000000000e+03
6.700000000000000000e+01    6.802282474245364323e-04    8.992816724760827230e-07    1.320000000000000000e+02    6.667000000000000000e+03
6.800000000000000000e+01    6.648494020614867687e-04    8.593378249203350316e-07    1.340000000000000000e+02    6.768000000000000000e+03
6.900000000000000000e+01    6.498701910611390069e-04    8.212930692141222328e-07    1.360000000000000000e+02    6.869000000000000000e+03
7.000000000000000000e+01    6.352766771594230925e-04    7.850462512013447721e-07    1.380000000000000000e+02    6.970000000000000000e+03
7.100000000000000000e+01    6.210559839757537641e-04    7.505032535687392120e-07    1.400000000000000000e+02    7.071000000000000000e+03
7.200000000000000000e+01    6.071956401262742966e-04    7.175752468594136149e-07    1.420000000000000000e+02    7.172000000000000000e+03
7.300000000000000000e+01    5.936840073452794714e-04    6.861792197962996904e-07    1.440000000000000000e+02    7.273000000000000000e+03
7.400000000000000000e+01    5.805098483493953930e-04    6.562368078679619302e-07    1.460000000000000000e+02    7.374000000000000000e+03
7.500000000000000000e+01    5.676625940094809537e-04    6.276745263410673074e-07    1.480000000000000000e+02    7.475000000000000000e+03
7.600000000000000000e+01    5.551320567582930087e-04    6.004229665846668062e-07    1.500000000000000000e+02    7.576000000000000000e+03
7.700000000000000000e+01    5.429085955823406478e-04    5.744168620402492356e-07    1.520000000000000000e+02    7.677000000000000000e+03
7.800000000000000000e+01    5.309829244260491025e-04    5.495945233531596232e-07    1.540000000000000000e+02    7.778000000000000000e+03
7.900000000000000000e+01    5.193462124998484038e-04    5.258978120737258750e-07    1.560000000000000000e+02    7.879000000000000000e+03
8.000000000000000000e+01    5.079899549343588330e-04    5.032717324675544202e-07    1.580000000000000000e+02    7.980000000000000000e+03
8.100000000000000000e+01    4.969060323130288555e-04    4.816643591936300075e-07    1.600000000000000000e+02    8.081000000000000000e+03
8.200000000000000000e+01    4.860866223074075849e-04    4.610265333071779968e-07    1.620000000000000000e+02    8.182000000000000000e+03
8.300000000000000000e+01    4.755242336608206822e-04    4.413117686535079750e-07    1.640000000000000000e+02    8.283000000000000000e+03
8.400000000000000000e+01    4.652116449527987836e-04    4.224760204156469258e-07    1.660000000000000000e+02    8.384000000000000000e+03
8.500000000000000000e+01    4.551419227116474840e-04    4.044775842648494185e-07    1.680000000000000000e+02    8.485000000000000000e+03
8.600000000000000000e+01    4.453083782583253233e-04    3.872769148315144963e-07    1.700000000000000000e+02    8.586000000000000000e+03
8.700000000000000000e+01    4.357045760822991342e-04    3.708365270844138266e-07    1.720000000000000000e+02    8.687000000000000000e+03
8.800000000000000000e+01    4.263243028312449501e-04    3.551208496810456997e-07    1.740000000000000000e+02    8.788000000000000000e+03
8.900000000000000000e+01    4.171615698227644801e-04    3.400961320300938953e-07    1.760000000000000000e+02    8.889000000000000000e+03
9.000000000000000000e+01    4.082105902730579676e-04    3.257303243863980107e-07    1.780000000000000000e+02    8.990000000000000000e+03
9.100000000000000000e+01    3.994657783759924022e-04    3.119929924910536173e-07    1.800000000000000000e+02    9.091000000000000000e+03
9.200000000000000000e+01    3.909217321850277428e-04    2.988552166104858952e-07    1.820000000000000000e+02    9.192000000000000000e+03
9.300000000000000000e+01    3.825732307743155486e-04    2.862895139770626011e-07    1.840000000000000000e+02    9.293000000000000000e+03
9.400000000000000000e+01    3.744152210531775655e-04    2.742697540978092647e-07    1.860000000000000000e+02    9.394000000000000000e+03
9.500000000000000000e+01    3.664428139418193526e-04    2.627710888840994193e-07    1.880000000000000000e+02    9.495000000000000000e+03
9.600000000000000000e+01    3.586512739650657812e-04    2.517698791039599751e-07    1.900000000000000000e+02    9.596000000000000000e+03
9.700000000000000000e+01    3.510360150081216898e-04    2.412436323122743674e-07    1.920000000000000000e+02    9.697000000000000000e+03
9.800000000000000000e+01    3.435925919098265858e-04    2.311709395551907261e-07    1.940000000000000000e+02    9.798000000000000000e+03
9.900000000000000000e+01    3.363166961330222898e-04    2.215314197636075455e-07    1.960000000000000000e+02    9.899000000000000000e+03
1.000000000000000000e+02    3.292041488247121985e-04    2.123056642580947713e-07    1.980000000000000000e+02    1.000000000000000000e+04
1.010000000000000000e+02    3.222508965925867950e-04    2.034751867141744798e-07    2.000000000000000000e+02    1.010100000000000000e+04
1.020000000000000000e+02    3.154530056637587314e-04    1.950223756906269054e-07    2.020000000000000000e+02    1.020200000000000000e+04
1.030000000000000000e+02    3.088066578691641036e-04    1.869304489407712289e-07    2.040000000000000000e+02    1.030300000000000000e+04
1.040000000000000000e+02    3.023081456438080419e-04    1.791834117354385063e-07    2.060000000000000000e+02    1.040400000000000000e+04
1.050000000000000000e+02    2.959538682671172252e-04    1.717660167460473064e-07    2.080000000000000000e+02    1.050500000000000000e+04
1.060000000000000000e+02    2.897403275211803434e-04    1.646637260449616305e-07    2.100000000000000000e+02    1.060600000000000000e+04
1.070000000000000000e+02    2.836641242031559930e-04    1.578626761146179356e-07    2.120000000000000000e+02    1.070700000000000000e+04
1.080000000000000000e+02    2.777219543091731676e-04    1.513496434138317014e-07    2.140000000000000000e+02    1.080800000000000000e+04
1.090000000000000000e+02    2.719106058164005618e-04    1.451120140672324797e-07    2.160000000000000000e+02    1.090900000000000000e+04
1.100000000000000000e+02    2.662269552947993151e-04    1.391377524403397245e-07    2.180000000000000000e+02    1.101000000000000000e+04
1.110000000000000000e+02    2.606679649460505433e-04    1.334153732805876414e-07    2.200000000000000000e+02    1.111100000000000000e+04
1.120000000000000000e+02    2.552306795705257280e-04    1.279339151955807235e-07    2.220000000000000000e+02    1.121200000000000000e+04
1.130000000000000000e+02    2.499122238455627203e-04    1.226829147999647490e-07    2.240000000000000000e+02    1.131300000000000000e+04
1.140000000000000000e+02    2.447097995910556571e-04    1.176523830910157945e-07    2.260000000000000000e+02    1.141400000000000000e+04
1.150000000000000000e+02    2.396206832679574443e-04    1.128327819356650868e-07    2.280000000000000000e+02    1.151500000000000000e+04
1.160000000000000000e+02    2.346422234990106338e-04    1.082150035662932646e-07    2.300000000000000000e+02    1.161600000000000000e+04
1.170000000000000000e+02    2.297718387681254909e-04    1.037903488507297399e-07    2.320000000000000000e+02    1.171700000000000000e+04
1.180000000000000000e+02    2.250070151606115584e-04    9.955050845958533800e-08    2.340000000000000000e+02    1.181800000000000000e+04
1.190000000000000000e+02    2.203453042455108025e-04    9.548754503650826321e-08    2.360000000000000000e+02    1.191900000000000000e+04
1.200000000000000000e+02    2.157843210075821756e-04    9.159387469982444339e-08    2.380000000000000000e+02    1.202000000000000000e+04
1.210000000000000000e+02    2.113217418943436933e-04    8.786225088433196682e-08    2.400000000000000000e+02    1.212100000000000000e+04
1.220000000000000000e+02    2.069553029173260288e-04    8.428574862883901058e-08    2.420000000000000000e+02    1.222200000000000000e+04
1.230000000000000000e+02    2.026827978480975749e-04    8.085774897513768831e-08    2.440000000000000000e+02    1.232300000000000000e+04
1.240000000000000000e+02    1.985020764692171664e-04    7.757192615287554798e-08    2.460000000000000000e+02    1.242400000000000000e+04
1.250000000000000000e+02    1.944110429052258869e-04    7.442223253570879078e-08    2.480000000000000000e+02    1.252500000000000000e+04
1.260000000000000000e+02    1.904076540073070727e-04    7.140288660622512417e-08    2.500000000000000000e+02    1.262600000000000000e+04
1.270000000000000000e+02    1.864899178062104769e-04    6.850836069799452501e-08    2.520000000000000000e+02    1.272700000000000000e+04
1.280000000000000000e+02    1.826558920165677802e-04    6.573336840331252287e-08    2.540000000000000000e+02    1.282800000000000000e+04
1.290000000000000000e+02    1.789036826010231818e-04    6.307285554689222404e-08    2.560000000000000000e+02    1.292900000000000000e+04
1.300000000000000000e+02    1.752314423820325122e-04    6.052198759360740952e-08    2.580000000000000000e+02    1.303000000000000000e+04
1.310000000000000000e+02    1.716373697067984159e-04    5.807614039931289924e-08    2.600000000000000000e+02    1.313100000000000000e+04
1.320000000000000000e+02    1.681197071566833295e-04    5.573089140740825572e-08    2.620000000000000000e+02    1.323200000000000000e+04
1.330000000000000000e+02    1.646767403038949210e-04    5.348200895099136350e-08    2.640000000000000000e+02    1.333300000000000000e+04
1.340000000000000000e+02    1.613067965091281072e-04    5.132544512096074939e-08    2.660000000000000000e+02    1.343400000000000000e+04
1.350000000000000000e+02    1.580082437622326846e-04    4.925732696257939858e-08    2.680000000000000000e+02    1.353500000000000000e+04
1.360000000000000000e+02    1.547794895604113509e-04    4.727394856352581879e-08    2.700000000000000000e+02    1.363600000000000000e+04
1.370000000000000000e+02    1.516189798253841697e-04    4.537176347625272983e-08    2.720000000000000000e+02    1.373700000000000000e+04
1.380000000000000000e+02    1.485251978552657186e-04    4.354737780896124869e-08    2.740000000000000000e+02    1.383800000000000000e+04
1.390000000000000000e+02    1.454966633117105483e-04    4.179754342801091452e-08    2.760000000000000000e+02    1.393900000000000000e+04
1.400000000000000000e+02    1.425319312395227720e-04    4.011915104889383399e-08    2.780000000000000000e+02    1.404000000000000000e+04
1.410000000000000000e+02    1.396295911182249261e-04    3.850922533305502231e-08    2.800000000000000000e+02    1.414100000000000000e+04
1.420000000000000000e+02    1.367882659431965745e-04    3.696491719881527938e-08    2.820000000000000000e+02    1.424200000000000000e+04
1.430000000000000000e+02    1.340066113368340106e-04    3.548349925249919585e-08    2.840000000000000000e+02    1.434300000000000000e+04
1.440000000000000000e+02    1.312833146868317650e-04    3.406236077381967413e-08    2.860000000000000000e+02    1.444400000000000000e+04
1.450000000000000000e+02    1.286170943117798538e-04    3.269900158690332317e-08    2.880000000000000000e+02    1.454500000000000000e+04
1.460000000000000000e+02    1.260066986519171482e-04    3.139102816003394685e-08    2.900000000000000000e+02    1.464600000000000000e+04
1.470000000000000000e+02    1.234509054855592461e-04    3.013614836816521329e-08    2.920000000000000000e+02    1.474700000000000000e+04
1.480000000000000000e+02    1.209485211682928833e-04    2.893216658974099578e-08    2.940000000000000000e+02    1.484800000000000000e+04
1.490000000000000000e+02    1.184983798959190739e-04    2.777698125510554998e-08    2.960000000000000000e+02    1.494900000000000000e+04
1.500000000000000000e+02    1.160993429890556152e-04    2.666857849465717268e-08    2.980000000000000000e+02    1.505000000000000000e+04
1.510000000000000000e+02    1.137502981990788333e-04    2.560503024443788258e-08    3.000000000000000000e+02    1.515100000000000000e+04
1.520000000000000000e+02    1.114501590344137426e-04    2.458448889721017024e-08    3.020000000000000000e+02    1.525200000000000000e+04
1.530000000000000000e+02    1.091978641071147515e-04    2.360518551948258813e-08    3.040000000000000000e+02    1.535300000000000000e+04
1.540000000000000000e+02    1.069923764976317854e-04    2.266542472545830929e-08    3.060000000000000000e+02    1.545400000000000000e+04
1.550000000000000000e+02    1.048326831385141698e-04    2.176358289406070085e-08    3.080000000000000000e+02    1.555500000000000000e+04
1.560000000000000000e+02    1.027177942158896955e-04    2.089810438011270843e-08    3.100000000000000000e+02    1.565600000000000000e+04
1.570000000000000000e+02    1.006467425874897344e-04    2.006749817125981504e-08    3.120000000000000000e+02    1.575700000000000000e+04
1.580000000000000000e+02    9.861858321790575616e-05    1.927033632786743972e-08    3.140000000000000000e+02    1.585800000000000000e+04
1.590000000000000000e+02    9.663239262924524337e-05    1.850525030563619163e-08    3.160000000000000000e+02    1.595900000000000000e+04
1.600000000000000000e+02    9.468726836738352876e-05    1.777092883831976516e-08    3.180000000000000000e+02    1.606000000000000000e+04
1.610000000000000000e+02    9.278232848336673505e-05    1.706611504039150958e-08    3.200000000000000000e+02    1.616100000000000000e+04
1.620000000000000000e+02    9.091671102861892569e-05    1.638960462407002231e-08    3.220000000000000000e+02    1.626200000000000000e+04
1.630000000000000000e+02    8.908957356485077957e-05    1.574024333629341010e-08    3.240000000000000000e+02    1.636300000000000000e+04
1.640000000000000000e+02    8.730009268678533794e-05    1.511692484143718744e-08    3.260000000000000000e+02    1.646400000000000000e+04
1.650000000000000000e+02    8.554746355829759546e-05    1.451858916121165705e-08    3.280000000000000000e+02    1.656500000000000000e+04
1.660000000000000000e+02    8.383089946096366595e-05    1.394421944302078465e-08    3.300000000000000000e+02    1.666600000000000000e+04
1.670000000000000000e+02    8.214963135515807057e-05    1.339284162565449585e-08    3.320000000000000000e+02    1.676700000000000000e+04
1.680000000000000000e+02    8.050290745252780317e-05    1.286352209913475264e-08    3.340000000000000000e+02    1.686800000000000000e+04
1.690000000000000000e+02    7.888999280027780261e-05    1.235536536456163981e-08    3.360000000000000000e+02    1.696900000000000000e+04
1.700000000000000000e+02    7.731016887653800133e-05    1.186751314262615330e-08    3.380000000000000000e+02    1.707000000000000000e+04
1.710000000000000000e+02    7.576273319613643779e-05    1.139914247919988585e-08    3.400000000000000000e+02    1.717100000000000000e+04
1.720000000000000000e+02    7.424699892749229892e-05    1.094946485384781699e-08    3.420000000000000000e+02    1.727200000000000000e+04
1.730000000000000000e+02    7.276229451882788347e-05    1.051772339393079531e-08    3.440000000000000000e+02    1.737300000000000000e+04
1.740000000000000000e+02    7.130796333479675307e-05    1.010319298604143455e-08    3.460000000000000000e+02    1.747400000000000000e+04
1.750000000000000000e+02    6.988336330234527435e-05    9.705178158721998771e-09    3.480000000000000000e+02    1.757500000000000000e+04
1.760000000000000000e+02    6.848786656578242558e-05    9.323012079541288033e-09    3.500000000000000000e+02    1.767600000000000000e+04
1.770000000000000000e+02    6.712085915104499298e-05    8.956055217863835840e-09    3.520000000000000000e+02    1.777700000000000000e+04
1.780000000000000000e+02    6.578174063833618242e-05    8.603694341926794805e-09    3.540000000000000000e+02    1.787800000000000000e+04
1.790000000000000000e+02    6.446992384343845834e-05    8.265341070173228089e-09    3.560000000000000000e+02    1.797900000000000000e+04
1.800000000000000000e+02    6.318483450699621730e-05    7.940431648380300702e-09    3.580000000000000000e+02    1.808000000000000000e+04
1.810000000000000000e+02    6.192591099215421797e-05    7.628424943813074003e-09    3.600000000000000000e+02    1.818100000000000000e+04
1.820000000000000000e+02    6.069260398924803470e-05    7.328802110916789351e-09    3.620000000000000000e+02    1.828200000000000000e+04
1.830000000000000000e+02    5.948437622871712076e-05    7.041065254086070498e-09    3.640000000000000000e+02    1.838300000000000000e+04
1.840000000000000000e+02    5.830070220086748138e-05    6.764737427664913671e-09    3.660000000000000000e+02    1.848400000000000000e+04
1.850000000000000000e+02    5.714106788267567748e-05    6.499360407228671718e-09    3.680000000000000000e+02    1.858500000000000000e+04
1.860000000000000000e+02    5.600497047176348510e-05    6.244495023891759712e-09    3.700000000000000000e+02    1.868600000000000000e+04
1.870000000000000000e+02    5.489191812686789482e-05    5.999719938512740198e-09    3.720000000000000000e+02    1.878700000000000000e+04
1.880000000000000000e+02    5.380142971480378811e-05    5.764630638771218789e-09    3.740000000000000000e+02    1.888800000000000000e+04
1.890000000000000000e+02    5.273303456369797792e-05    5.538839773475543152e-09    3.760000000000000000e+02    1.898900000000000000e+04
1.900000000000000000e+02    5.168627222261009448e-05    5.321975035280689854e-09    3.780000000000000000e+02    1.909000000000000000e+04
1.910000000000000000e+02    5.066069222691989526e-05    5.113679494995960867e-09    3.800000000000000000e+02    1.919100000000000000e+04
1.920000000000000000e+02    4.965585386921100554e-05    4.913610821533685382e-09    3.820000000000000000e+02    1.929200000000000000e+04
1.930000000000000000e+02    4.867132597672667928e-05    4.721440167550201131e-09    3.840000000000000000e+02    1.939300000000000000e+04
1.940000000000000000e+02    4.770668669317210613e-05    4.536852503753564957e-09    3.860000000000000000e+02    1.949400000000000000e+04
1.950000000000000000e+02    4.676152326677186701e-05    4.359545170236835971e-09    3.880000000000000000e+02    1.959500000000000000e+04
1.960000000000000000e+02    4.583543184292550467e-05    4.189227987913979079e-09    3.900000000000000000e+02    1.969600000000000000e+04
1.970000000000000000e+02    4.492801726238934050e-05    4.025622144160853747e-09    3.920000000000000000e+02    1.979700000000000000e+04
1.980000000000000000e+02    4.403889286398662432e-05    3.868460527122917952e-09    3.940000000000000000e+02    1.989800000000000000e+04
1.990000000000000000e+02    4.316768029234988659e-05    3.717486611356218187e-09    3.960000000000000000e+02    1.999900000000000000e+04
2.000000000000000000e+02    4.231400931015729506e-05    3.572454123519688407e-09    3.980000000000000000e+02    2.010000000000000000e+04
2.010000000000000000e+02    4.147751761518139865e-05    3.433127153811047765e-09    4.000000000000000000e+02    2.020100000000000000e+04
2.020000000000000000e+02    4.065785066122378741e-05    3.299278372992388093e-09    4.020000000000000000e+02    2.030200000000000000e+04
2.030000000000000000e+02    3.985466148428074338e-05    3.170690481056885779e-09    4.040000000000000000e+02    2.040300000000000000e+04
2.040000000000000000e+02    3.906761053168878719e-05    3.047154647126188025e-09    4.060000000000000000e+02    2.050400000000000000e+04
2.050000000000000000e+02    3.829636549642725951e-05    2.928470286578610763e-09    4.080000000000000000e+02    2.060500000000000000e+04
2.060000000000000000e+02    3.754060115456568495e-05    2.814445061049140315e-09    4.100000000000000000e+02    2.070600000000000000e+04
2.070000000000000000e+02    3.679999920739630576e-05    2.704894432685827158e-09    4.120000000000000000e+02    2.080700000000000000e+04
2.080000000000000000e+02    3.607424812656576931e-05    2.599640772662580910e-09    4.140000000000000000e+02    2.090800000000000000e+04
2.090000000000000000e+02    3.536304300330587915e-05    2.498514141230474717e-09    4.160000000000000000e+02    2.100900000000000000e+04
2.100000000000000000e+02    3.466608540118463528e-05    2.401351173358737332e-09    4.180000000000000000e+02    2.111000000000000000e+04
2.110000000000000000e+02    3.398308321228668723e-05    2.307994967298852485e-09    4.200000000000000000e+02    2.121100000000000000e+04
2.120000000000000000e+02    3.331375051671364804e-05    2.218294973148655361e-09    4.220000000000000000e+02    2.131200000000000000e+04
2.130000000000000000e+02    3.265780744560539553e-05    2.132106769980535072e-09    4.240000000000000000e+02    2.141300000000000000e+04
2.140000000000000000e+02    3.201498004718539628e-05    2.049291620097825938e-09    4.260000000000000000e+02    2.151400000000000000e+04
2.150000000000000000e+02    3.138500015612583641e-05    1.969716134727109338e-09    4.280000000000000000e+02    2.161500000000000000e+04
2.160000000000000000e+02    3.076760526572286207e-05    1.893252831197714766e-09    4.300000000000000000e+02    2.171600000000000000e+04
2.170000000000000000e+02    3.016253840325462416e-05    1.819778572839108789e-09    4.320000000000000000e+02    2.181700000000000000e+04
2.180000000000000000e+02    2.956954800842874357e-05    1.749175571904002541e-09    4.340000000000000000e+02    2.191800000000000000e+04
2.190000000000000000e+02    2.898838781398625794e-05    1.681330720952946937e-09    4.360000000000000000e+02    2.201900000000000000e+04
2.200000000000000000e+02    2.841881673004720095e-05    1.616135147110727882e-09    4.380000000000000000e+02    2.212000000000000000e+04
2.210000000000000000e+02    2.786059873018345120e-05    1.553484992117673972e-09    4.400000000000000000e+02    2.222100000000000000e+04
2.220000000000000000e+02    2.731350274086730549e-05    1.493279629355240260e-09    4.420000000000000000e+02    2.232200000000000000e+04
2.230000000000000000e+02    2.677730253301370756e-05    1.435422778205018866e-09    4.440000000000000000e+02    2.242300000000000000e+04
2.240000000000000000e+02    2.625177661635153290e-05    1.379822281176936275e-09    4.460000000000000000e+02    2.252400000000000000e+04
2.250000000000000000e+02    2.573670813589668430e-05    1.326389546729748757e-09    4.480000000000000000e+02    2.262500000000000000e+04
2.260000000000000000e+02    2.523188477116283161e-05    1.275038992091537782e-09    4.500000000000000000e+02    2.272600000000000000e+04
2.270000000000000000e+02    2.473709863734838794e-05    1.225689269054621056e-09    4.520000000000000000e+02    2.282700000000000000e+04
2.280000000000000000e+02    2.425214618898974752e-05    1.178261592437036908e-09    4.540000000000000000e+02    2.292800000000000000e+04
2.290000000000000000e+02    2.377682812593193465e-05    1.132680408697951363e-09    4.560000000000000000e+02    2.302900000000000000e+04
2.300000000000000000e+02    2.331094930109463040e-05    1.088873284501756275e-09    4.580000000000000000e+02    2.313000000000000000e+04
2.310000000000000000e+02    2.285431863061061325e-05    1.046771018153970987e-09    4.600000000000000000e+02    2.323100000000000000e+04
2.320000000000000000e+02    2.240674900604651165e-05    1.006306302370430462e-09    4.620000000000000000e+02    2.333200000000000000e+04
2.330000000000000000e+02    2.196805720839332016e-05    9.674151729439977828e-10    4.640000000000000000e+02    2.343300000000000000e+04
2.340000000000000000e+02    2.153806382414192433e-05    9.300358943855548765e-10    4.660000000000000000e+02    2.353400000000000000e+04
2.350000000000000000e+02    2.111659316335714917e-05    8.941092942317050203e-10    4.680000000000000000e+02    2.363500000000000000e+04
2.360000000000000000e+02    2.070347317945114190e-05    8.595786516088721096e-10    4.700000000000000000e+02    2.373600000000000000e+04
2.370000000000000000e+02    2.029853539079808246e-05    8.263891400537959723e-10    4.720000000000000000e+02    2.383700000000000000e+04
2.380000000000000000e+02    1.990161480411193210e-05    7.944883846930370546e-10    4.740000000000000000e+02    2.393800000000000000e+04
2.390000000000000000e+02    1.951254983985378804e-05    7.638260164993725689e-10    4.760000000000000000e+02    2.403900000000000000e+04
2.400000000000000000e+02    1.913118225862361923e-05    7.343535608558955568e-10    4.780000000000000000e+02    2.414000000000000000e+04
2.410000000000000000e+02    1.875735708999978164e-05    7.060244375560150954e-10    4.800000000000000000e+02    2.424100000000000000e+04
2.420000000000000000e+02    1.839092256235692091e-05    6.787942951111589028e-10    4.820000000000000000e+02    2.434200000000000000e+04
2.430000000000000000e+02    1.803173003466861221e-05    6.526197849558631316e-10    4.840000000000000000e+02    2.444300000000000000e+04
2.440000000000000000e+02    1.767963392966713992e-05    6.274601215503855935e-10    4.860000000000000000e+02    2.454400000000000000e+04
2.450000000000000000e+02    1.733449166845533576e-05    6.032752994062903504e-10    4.880000000000000000e+02    2.464500000000000000e+04
2.460000000000000000e+02    1.699616360655234544e-05    5.800276531890612489e-10    4.900000000000000000e+02    2.474600000000000000e+04
2.470000000000000000e+02    1.666451297172235563e-05    5.576804090513896332e-10    4.920000000000000000e+02    2.484700000000000000e+04
2.480000000000000000e+02    1.633940580244503649e-05    5.361986875562828832e-10    4.940000000000000000e+02    2.494800000000000000e+04
2.490000000000000000e+02    1.602071088877306525e-05    5.155483893180546291e-10    4.960000000000000000e+02    2.504900000000000000e+04
2.500000000000000000e+02    1.570829971341696651e-05    4.956974207972355774e-10    4.980000000000000000e+02    2.515000000000000000e+04
2.510000000000000000e+02    1.540204639511038865e-05    4.766146913774646628e-10    5.000000000000000000e+02    2.525100000000000000e+04
2.520000000000000000e+02    1.510182763235050928e-05    4.582701133654895131e-10    5.020000000000000000e+02    2.535200000000000000e+04
2.530000000000000000e+02    1.480752264931028892e-05    4.406350477347696296e-10    5.040000000000000000e+02    2.545300000000000000e+04
2.540000000000000000e+02    1.451901314203001530e-05    4.236817469459721147e-10    5.060000000000000000e+02    2.555400000000000000e+04
2.550000000000000000e+02    1.423618322626353661e-05    4.073839121264762543e-10    5.080000000000000000e+02    2.565500000000000000e+04
2.560000000000000000e+02    1.395891938670581572e-05    3.917158015831659686e-10    5.100000000000000000e+02    2.575600000000000000e+04
2.570000000000000000e+02    1.368711042684491549e-05    3.766532337255383503e-10    5.120000000000000000e+02    2.585700000000000000e+04
2.580000000000000000e+02    1.342064742015217916e-05    3.621724727066940858e-10    5.140000000000000000e+02    2.595800000000000000e+04
2.590000000000000000e+02    1.315942366222618853e-05    3.482508970387433888e-10    5.160000000000000000e+02    2.605900000000000000e+04
2.600000000000000000e+02    1.290333462433416890e-05    3.348669995928056380e-10    5.180000000000000000e+02    2.616000000000000000e+04
2.610000000000000000e+02    1.265227790740294838e-05    3.219994961118022933e-10    5.200000000000000000e+02    2.626100000000000000e+04
2.620000000000000000e+02    1.240615319756645017e-05    3.096288853130696030e-10    5.220000000000000000e+02    2.636200000000000000e+04
2.630000000000000000e+02    1.216486222244141656e-05    2.977355544780429302e-10    5.240000000000000000e+02    2.646300000000000000e+04
2.640000000000000000e+02    1.192830870805660174e-05    2.863007823753651868e-10    5.260000000000000000e+02    2.656400000000000000e+04
2.650000000000000000e+02    1.169639833746830900e-05    2.753072964403913654e-10    5.280000000000000000e+02    2.666500000000000000e+04
2.660000000000000000e+02    1.146903870946915072e-05    2.647377126725755728e-10    5.300000000000000000e+02    2.676600000000000000e+04
2.670000000000000000e+02    1.124613929875598520e-05    2.545754271226784762e-10    5.320000000000000000e+02    2.686700000000000000e+04
2.680000000000000000e+02    1.102761141671940795e-05    2.448049502004699599e-10    5.340000000000000000e+02    2.696800000000000000e+04
2.690000000000000000e+02    1.081336817304926952e-05    2.354110151875219893e-10    5.360000000000000000e+02    2.706900000000000000e+04
2.700000000000000000e+02    1.060332443833479454e-05    2.263790239808119979e-10    5.380000000000000000e+02    2.717000000000000000e+04
2.710000000000000000e+02    1.039739680741729473e-05    2.176948242209211679e-10    5.400000000000000000e+02    2.727100000000000000e+04
2.720000000000000000e+02    1.019550356344469098e-05    2.093451550356382310e-10    5.420000000000000000e+02    2.737200000000000000e+04
2.730000000000000000e+02    9.997564642754682706e-06    2.013170898604546787e-10    5.440000000000000000e+02    2.747300000000000000e+04
2.740000000000000000e+02    9.803501600541976690e-06    1.935979250026639028e-10    5.460000000000000000e+02    2.757400000000000000e+04
2.750000000000000000e+02    9.613237577277354128e-06    1.861759596926676264e-10    5.480000000000000000e+02    2.767500000000000000e+04
2.760000000000000000e+02    9.426697265786962665e-06    1.790394931608677278e-10    5.500000000000000000e+02    2.777600000000000000e+04
2.770000000000000000e+02    9.243806879194326704e-06    1.721777161248734019e-10    5.520000000000000000e+02    2.787700000000000000e+04
2.780000000000000000e+02    9.064494119217571152e-06    1.655798193022939729e-10    5.540000000000000000e+02    2.797800000000000000e+04
2.790000000000000000e+02    8.888688145387405555e-06    1.592357734620452220e-10    5.560000000000000000e+02    2.807900000000000000e+04
2.800000000000000000e+02    8.716319545204901449e-06    1.531355493730430080e-10    5.580000000000000000e+02    2.818000000000000000e+04
2.810000000000000000e+02    8.547320304202858733e-06    1.472700092914106095e-10    5.600000000000000000e+02    2.828100000000000000e+04
2.820000000000000000e+02    8.381623777413795603e-06    1.416297926014694568e-10    5.620000000000000000e+02    2.838200000000000000e+04
2.830000000000000000e+02    8.219164660859270175e-06    1.362065416106493892e-10    5.640000000000000000e+02    2.848300000000000000e+04
2.840000000000000000e+02    8.059878964094459460e-06    1.309914528827765746e-10    5.660000000000000000e+02    2.858400000000000000e+04
2.850000000000000000e+02    7.903703982946808841e-06    1.259768373406863978e-10    5.680000000000000000e+02    2.868500000000000000e+04
2.860000000000000000e+02    7.750578273264675162e-06    1.211548944713134357e-10    5.700000000000000000e+02    2.878600000000000000e+04
2.870000000000000000e+02    7.600441624737451776e-06    1.165179351974931248e-10    5.720000000000000000e+02    2.888700000000000000e+04
2.880000000000000000e+02    7.453235035758833303e-06    1.120592733651693366e-10    5.740000000000000000e+02    2.898800000000000000e+04
2.890000000000000000e+02    7.308900688503526758e-06    1.077717770766822452e-10    5.760000000000000000e+02    2.908900000000000000e+04
2.900000000000000000e+02    7.167381924383859502e-06    1.036487601779757092e-10    5.780000000000000000e+02    2.919000000000000000e+04
2.910000000000000000e+02    7.028623220712973766e-06    9.968398225859734854e-11    5.800000000000000000e+02    2.929100000000000000e+04
2.920000000000000000e+02    6.892570167034535831e-06    9.587131434399573367e-11    5.820000000000000000e+02    2.939200000000000000e+04
2.930000000000000000e+02    6.759169442517043650e-06    9.220496176732220765e-11    5.840000000000000000e+02    2.949300000000000000e+04
2.940000000000000000e+02    6.628368793573234328e-06    8.867946416943095104e-11    5.860000000000000000e+02    2.959400000000000000e+04
2.950000000000000000e+02    6.500117012074480574e-06    8.528891544757238267e-11    5.880000000000000000e+02    2.969500000000000000e+04
2.960000000000000000e+02    6.374363913846516441e-06    8.202841242210535620e-11    5.900000000000000000e+02    2.979600000000000000e+04
2.970000000000000000e+02    6.251060317904356859e-06    7.889305191338871232e-11    5.920000000000000000e+02    2.989700000000000000e+04
2.980000000000000000e+02    6.130158025849196982e-06    7.587781930588036750e-11    5.940000000000000000e+02    2.999800000000000000e+04
2.990000000000000000e+02    6.011609801800211979e-06    7.297836859944382258e-11    5.960000000000000000e+02    3.009900000000000000e+04
3.000000000000000000e+02    5.895369352912768759e-06    7.018968517853701988e-11    5.980000000000000000e+02    3.020000000000000000e+04
3.010000000000000000e+02    5.781391309953912365e-06    6.750809165842907053e-11    6.000000000000000000e+02    3.030100000000000000e+04
3.020000000000000000e+02    5.669631208574815638e-06    6.492913060308256405e-11    6.020000000000000000e+02    3.040200000000000000e+04
3.030000000000000000e+02    5.560045470908547980e-06    6.244912462776663745e-11    6.040000000000000000e+02    3.050300000000000000e+04
3.040000000000000000e+02    5.452591387470766823e-06    6.006406204004761612e-11    6.060000000000000000e+02    3.060400000000000000e+04
3.050000000000000000e+02    5.347227099567634435e-06    5.777026545519463707e-11    6.080000000000000000e+02    3.070500000000000000e+04
3.060000000000000000e+02    5.243911581935554952e-06    5.556428036027870522e-11    6.100000000000000000e+02    3.080600000000000000e+04
3.070000000000000000e+02    5.142604625860554823e-06    5.344287511417269347e-11    6.120000000000000000e+02    3.090700000000000000e+04
3.080000000000000000e+02    5.043266822633566868e-06    5.140270663984854395e-11    6.140000000000000000e+02    3.100800000000000000e+04
3.090000000000000000e+02    4.945859547188872521e-06    4.944054329617912307e-11    6.160000000000000000e+02    3.110900000000000000e+04
3.100000000000000000e+02    4.850344942264135089e-06    4.755337631383919104e-11    6.180000000000000000e+02    3.121000000000000000e+04
3.110000000000000000e+02    4.756685903023217094e-06    4.573853123120629382e-11    6.200000000000000000e+02    3.131100000000000000e+04
3.120000000000000000e+02    4.664846061499085269e-06    4.399322215075704662e-11    6.220000000000000000e+02    3.141200000000000000e+04
3.130000000000000000e+02    4.574789771916567650e-06    4.231455173906712746e-11    6.240000000000000000e+02    3.151300000000000000e+04
3.140000000000000000e+02    4.486482096033612395e-06    4.070017984221690037e-11    6.260000000000000000e+02    3.161400000000000000e+04
3.150000000000000000e+02    4.399888788749767722e-06    3.914754343448484850e-11    6.280000000000000000e+02    3.171500000000000000e+04
3.160000000000000000e+02    4.314976284119653704e-06    3.765430236195132941e-11    6.300000000000000000e+02    3.181600000000000000e+04
3.170000000000000000e+02    4.231711681771576700e-06    3.621800503479576992e-11    6.320000000000000000e+02    3.191700000000000000e+04
3.180000000000000000e+02    4.150062733268088999e-06    3.483675704270226993e-11    6.340000000000000000e+02    3.201800000000000000e+04
3.190000000000000000e+02    4.069997829124614278e-06    3.350821823175118053e-11    6.360000000000000000e+02    3.211900000000000000e+04
3.200000000000000000e+02    3.991485985850346656e-06    3.223060562752753884e-11    6.380000000000000000e+02    3.222000000000000000e+04
3.210000000000000000e+02    3.914496833244182882e-06    3.100180194791357680e-11    6.400000000000000000e+02    3.232100000000000000e+04
3.220000000000000000e+02    3.839000602190626742e-06    2.981980134669245712e-11    6.420000000000000000e+02    3.242200000000000000e+04
3.230000000000000000e+02    3.764968112495473938e-06    2.868304372125108484e-11    6.440000000000000000e+02    3.252300000000000000e+04
3.240000000000000000e+02    3.692370760996124959e-06    2.758974609717449382e-11    6.460000000000000000e+02    3.262400000000000000e+04
3.250000000000000000e+02    3.621180510036303384e-06    2.653823693594865191e-11    6.480000000000000000e+02    3.272500000000000000e+04
3.260000000000000000e+02    3.551369875979951567e-06    2.552684469905953340e-11    6.500000000000000000e+02    3.282600000000000000e+04
3.270000000000000000e+02    3.482911918181173538e-06    2.455423215569591128e-11    6.520000000000000000e+02    3.292700000000000000e+04
3.280000000000000000e+02    3.415780228089766260e-06    2.361850489554188543e-11    6.540000000000000000e+02    3.302800000000000000e+04
3.290000000000000000e+02    3.349948918431458356e-06    2.271865999548903722e-11    6.560000000000000000e+02    3.312900000000000000e+04
3.300000000000000000e+02    3.285392613002856316e-06    2.185313735292427492e-11    6.580000000000000000e+02    3.323000000000000000e+04
3.310000000000000000e+02    3.222086435981315682e-06    2.102059973703637149e-11    6.600000000000000000e+02    3.333100000000000000e+04
3.320000000000000000e+02    3.160006002419351388e-06    2.021993278881597433e-11    6.620000000000000000e+02    3.343200000000000000e+04
3.330000000000000000e+02    3.099127408041274651e-06    1.944991071335279683e-11    6.640000000000000000e+02    3.353300000000000000e+04
3.340000000000000000e+02    3.039427219819422873e-06    1.870908484393467479e-11    6.660000000000000000e+02    3.363400000000000000e+04
3.350000000000000000e+02    2.980882466372809951e-06    1.799656369335412998e-11    6.680000000000000000e+02    3.373500000000000000e+04
3.360000000000000000e+02    2.923470628798481668e-06    1.731134433850274375e-11    6.700000000000000000e+02    3.383600000000000000e+04
3.370000000000000000e+02    2.867169631721251839e-06    1.665220098447022304e-11    6.720000000000000000e+02    3.393700000000000000e+04
3.380000000000000000e+02    2.811957834318363758e-06    1.601813070814815568e-11    6.740000000000000000e+02    3.403800000000000000e+04
3.390000000000000000e+02    2.757814021628041497e-06    1.540835345822999094e-11    6.760000000000000000e+02    3.413900000000000000e+04
3.400000000000000000e+02    2.704717396142748046e-06    1.482186631160731341e-11    6.780000000000000000e+02    3.424000000000000000e+04
3.410000000000000000e+02    2.652647569252366580e-06    1.425766634517170121e-11    6.800000000000000000e+02    3.434100000000000000e+04
3.420000000000000000e+02    2.601584553446274534e-06    1.371508494351754406e-11    6.820000000000000000e+02    3.444200000000000000e+04
3.430000000000000000e+02    2.551508753900989725e-06    1.319300774763549095e-11    6.840000000000000000e+02    3.454300000000000000e+04
3.440000000000000000e+02    2.502400960950912700e-06    1.269098901392179793e-11    6.860000000000000000e+02    3.464400000000000000e+04
3.450000000000000000e+02    2.454242342435237938e-06    1.220813725516898192e-11    6.880000000000000000e+02    3.474500000000000000e+04
3.460000000000000000e+02    2.407014435878122391e-06    1.174356098416956149e-11    6.900000000000000000e+02    3.484600000000000000e+04
3.470000000000000000e+02    2.360699141272552190e-06    1.129659158551792474e-11    6.920000000000000000e+02    3.494700000000000000e+04
3.480000000000000000e+02    2.315278714033990331e-06    1.086689475151126491e-11    6.940000000000000000e+02    3.504800000000000000e+04
3.490000000000000000e+02    2.270735757834375023e-06    1.045346755904116496e-11    6.960000000000000000e+02    3.514900000000000000e+04
3.500000000000000000e+02    2.227053217465906499e-06    1.005586426450388094e-11    6.980000000000000000e+02    3.525000000000000000e+04
3.510000000000000000e+02    2.184214372294988355e-06    9.673416252493804194e-12    7.000000000000000000e+02    3.535100000000000000e+04
3.520000000000000000e+02    2.142202829560754443e-06    9.305454907605321198e-12    7.020000000000000000e+02    3.545200000000000000e+04
3.530000000000000000e+02    2.101002517822320766e-06    8.951534486234691233e-12    7.040000000000000000e+02    3.555300000000000000e+04
3.540000000000000000e+02    2.060597680583007130e-06    8.610986372976300787e-12    7.060000000000000000e+02    3.565400000000000000e+04
3.550000000000000000e+02    2.020972870098919319e-06    8.283587696028280305e-12    7.080000000000000000e+02    3.575500000000000000e+04
3.560000000000000000e+02    1.982112941210932254e-06    7.968558404084082308e-12    7.100000000000000000e+02    3.585600000000000000e+04
3.570000000000000000e+02    1.944003045205067389e-06    7.665675625341837241e-12    7.120000000000000000e+02    3.595700000000000000e+04
3.580000000000000000e+02    1.906628624267676975e-06    7.374270744395929977e-12    7.140000000000000000e+02    3.605800000000000000e+04
3.590000000000000000e+02    1.869975405385084181e-06    7.093786581741686630e-12    7.160000000000000000e+02    3.615900000000000000e+04
3.600000000000000000e+02    1.834029394876365319e-06    6.824223137379106392e-12    7.180000000000000000e+02    3.626000000000000000e+04
3.610000000000000000e+02    1.798776872808821385e-06    6.564800360001641783e-12    7.200000000000000000e+02    3.636100000000000000e+04
3.620000000000000000e+02    1.764204387571475461e-06    6.315183941906486854e-12    7.220000000000000000e+02    3.646200000000000000e+04
3.630000000000000000e+02    1.730298750598936250e-06    6.075151011291771244e-12    7.240000000000000000e+02    3.656300000000000000e+04
