iter    var_error    func_error    n_comm    n_grad
1.000000000000000000e+00    4.530424359066179685e-01    4.719193291409936042e-01    0.000000000000000000e+00    1.000000000000000000e+00
2.000000000000000000e+00    2.722783484500300097e-02    1.384116164640634581e-03    3.000000000000000000e+00    1.020000000000000000e+02
3.000000000000000000e+00    1.815991021543271119e-02    7.050391083821252926e-04    6.000000000000000000e+00    2.030000000000000000e+02
4.000000000000000000e+00    8.319214096449548124e-03    1.417830637827091568e-04    9.000000000000000000e+00    3.040000000000000000e+02
5.000000000000000000e+00    6.899882953372770029e-03    8.136446887604266269e-05    1.200000000000000000e+01    4.050000000000000000e+02
6.000000000000000000e+00    7.225107660073328171e-03    9.904786023639091178e-05    1.500000000000000000e+01    5.060000000000000000e+02
7.000000000000000000e+00    6.505360409673394996e-03    7.982204355777050466e-05    1.800000000000000000e+01    6.070000000000000000e+02
8.000000000000000000e+00    4.482696827471281155e-03    4.177530621668475261e-05    2.100000000000000000e+01    7.080000000000000000e+02
9.000000000000000000e+00    4.764523083323675759e-03    3.928099871608176205e-05    2.400000000000000000e+01    8.090000000000000000e+02
1.000000000000000000e+01    4.483172737199283067e-03    3.888521612191509408e-05    2.700000000000000000e+01    9.100000000000000000e+02
1.100000000000000000e+01    4.366839912993551384e-03    3.552092237150117056e-05    3.000000000000000000e+01    1.011000000000000000e+03
1.200000000000000000e+01    2.946228562329187076e-03    1.805554091024307191e-05    3.300000000000000000e+01    1.112000000000000000e+03
1.300000000000000000e+01    3.406265328229692024e-03    2.067265424423650252e-05    3.600000000000000000e+01    1.213000000000000000e+03
1.400000000000000000e+01    3.024466587357174142e-03    1.799626722516015358e-05    3.900000000000000000e+01    1.314000000000000000e+03
1.500000000000000000e+01    3.104644344102815839e-03    1.798801593203395942e-05    4.200000000000000000e+01    1.415000000000000000e+03
1.600000000000000000e+01    2.075376211098775917e-03    8.868634477579111886e-06    4.500000000000000000e+01    1.516000000000000000e+03
1.700000000000000000e+01    2.475004264500888038e-03    1.122538724135906225e-05    4.800000000000000000e+01    1.617000000000000000e+03
1.800000000000000000e+01    2.158599695295236945e-03    9.235526125630106679e-06    5.100000000000000000e+01    1.718000000000000000e+03
1.900000000000000000e+01    2.261350778716249114e-03    9.593708567259295837e-06    5.400000000000000000e+01    1.819000000000000000e+03
2.000000000000000000e+01    1.551371876369978496e-03    4.884701134351060524e-06    5.700000000000000000e+01    1.920000000000000000e+03
2.100000000000000000e+01    1.836061217295497944e-03    6.335407798799118050e-06    6.000000000000000000e+01    2.021000000000000000e+03
2.200000000000000000e+01    1.617062213965104588e-03    5.190269018961575670e-06    6.300000000000000000e+01    2.122000000000000000e+03
2.300000000000000000e+01    1.683250343325604125e-03    5.351599680159868404e-06    6.600000000000000000e+01    2.223000000000000000e+03
2.400000000000000000e+01    1.216657249731779638e-03    2.967897394272387654e-06    6.900000000000000000e+01    2.324000000000000000e+03
2.500000000000000000e+01    1.395125103757684400e-03    3.736468308642200849e-06    7.200000000000000000e+01    2.425000000000000000e+03
2.600000000000000000e+01    1.257600858415391281e-03    3.135723430707219967e-06    7.500000000000000000e+01    2.526000000000000000e+03
2.700000000000000000e+01    1.281440261025227918e-03    3.125087316586340868e-06    7.800000000000000000e+01    2.627000000000000000e+03
2.800000000000000000e+01    9.853072645320125507e-04    1.932516946725244838e-06    8.100000000000000000e+01    2.728000000000000000e+03
2.900000000000000000e+01    1.086047394615806969e-03    2.301963830348224586e-06    8.400000000000000000e+01    2.829000000000000000e+03
3.000000000000000000e+01    1.003598613606192192e-03    1.994304774165885755e-06    8.700000000000000000e+01    2.930000000000000000e+03
3.100000000000000000e+01    9.974488312649825838e-04    1.908324069771358145e-06    9.000000000000000000e+01    3.031000000000000000e+03
3.200000000000000000e+01    8.129800100063751082e-04    1.312104856175677111e-06    9.300000000000000000e+01    3.132000000000000000e+03
3.300000000000000000e+01    8.639603063630986153e-04    1.473958769772863175e-06    9.600000000000000000e+01    3.233000000000000000e+03
3.400000000000000000e+01    8.143531132668184241e-04    1.312418288702596656e-06    9.900000000000000000e+01    3.334000000000000000e+03
3.500000000000000000e+01    7.922066251751488973e-04    1.213097547475560056e-06    1.020000000000000000e+02    3.435000000000000000e+03
3.600000000000000000e+01    6.775554203087539879e-04    9.116216640323154791e-07    1.050000000000000000e+02    3.536000000000000000e+03
3.700000000000000000e+01    6.994499218749097337e-04    9.735938852382852267e-07    1.080000000000000000e+02    3.637000000000000000e+03
3.800000000000000000e+01    6.678971407715279850e-04    8.832638167917381151e-07    1.110000000000000000e+02    3.738000000000000000e+03
3.900000000000000000e+01    6.399126399803175148e-04    7.972874066910890214e-07    1.140000000000000000e+02    3.839000000000000000e+03
4.000000000000000000e+01    5.676941147427084881e-04    6.411474981800073362e-07    1.170000000000000000e+02    3.940000000000000000e+03
4.100000000000000000e+01    5.737529031133106619e-04    6.583231805641473713e-07    1.200000000000000000e+02    4.041000000000000000e+03
4.200000000000000000e+01    5.517150909781770715e-04    6.035431120812133363e-07    1.230000000000000000e+02    4.142000000000000000e+03
4.300000000000000000e+01    5.237846262865162575e-04    5.377274306581877255e-07    1.260000000000000000e+02    4.243000000000000000e+03
4.400000000000000000e+01    4.770461006686137575e-04    4.538890388906278811e-07    1.290000000000000000e+02    4.344000000000000000e+03
4.500000000000000000e+01    4.750567215207050125e-04    4.527114154915955090e-07    1.320000000000000000e+02    4.445000000000000000e+03
4.600000000000000000e+01    4.580891682190902530e-04    4.169259231645871267e-07    1.350000000000000000e+02    4.546000000000000000e+03
4.700000000000000000e+01    4.329926622143742015e-04    3.696583073918755470e-07    1.380000000000000000e+02    4.647000000000000000e+03
4.800000000000000000e+01    4.015981601380086744e-04    3.225439611144899465e-07    1.410000000000000000e+02    4.748000000000000000e+03
4.900000000000000000e+01    3.958808399340831528e-04    3.150374460433770275e-07    1.440000000000000000e+02    4.849000000000000000e+03
5.000000000000000000e+01    3.818579639537508460e-04    2.904105117686800887e-07    1.470000000000000000e+02    4.950000000000000000e+03
5.100000000000000000e+01    3.605151580400821061e-04    2.576162190027330535e-07    1.500000000000000000e+02    5.051000000000000000e+03
5.200000000000000000e+01    3.385149378367408751e-04    2.297775054901504502e-07    1.530000000000000000e+02    5.152000000000000000e+03
5.300000000000000000e+01    3.313666310555521454e-04    2.210749238212208338e-07    1.560000000000000000e+02    5.253000000000000000e+03
5.400000000000000000e+01    3.193361757966553158e-04    2.036302352836588765e-07    1.590000000000000000e+02    5.354000000000000000e+03
5.500000000000000000e+01    3.017148960046260359e-04    1.812730102780841405e-07    1.620000000000000000e+02    5.455000000000000000e+03
5.600000000000000000e+01    2.856326906554348261e-04    1.639989399112134563e-07    1.650000000000000000e+02    5.556000000000000000e+03
5.700000000000000000e+01    2.782294158260846203e-04    1.560747986314472942e-07    1.680000000000000000e+02    5.657000000000000000e+03
5.800000000000000000e+01    2.677716040597880108e-04    1.435624776948285466e-07    1.710000000000000000e+02    5.758000000000000000e+03
5.900000000000000000e+01    2.534367968080566058e-04    1.284249989472074373e-07    1.740000000000000000e+02    5.859000000000000000e+03
6.000000000000000000e+01    2.412261628119706492e-04    1.172369921750994221e-07    1.770000000000000000e+02    5.960000000000000000e+03
6.100000000000000000e+01    2.341426787447295379e-04    1.106816117146756350e-07    1.800000000000000000e+02    6.061000000000000000e+03
6.200000000000000000e+01    2.250499318503504430e-04    1.016773054203222056e-07    1.830000000000000000e+02    6.162000000000000000e+03
6.300000000000000000e+01    2.134550198293488649e-04    9.142868713489344501e-08    1.860000000000000000e+02    6.263000000000000000e+03
6.400000000000000000e+01    2.038886721823139571e-04    8.392959748360344744e-08    1.890000000000000000e+02    6.364000000000000000e+03
6.500000000000000000e+01    1.973834362824852134e-04    7.876530658830018471e-08    1.920000000000000000e+02    6.465000000000000000e+03
6.600000000000000000e+01    1.895178230977186129e-04    7.229092843852269344e-08    1.950000000000000000e+02    6.566000000000000000e+03
6.700000000000000000e+01    1.801398775659406829e-04    6.532330133756333085e-08    1.980000000000000000e+02    6.667000000000000000e+03
6.800000000000000000e+01    1.724606530978072384e-04    6.016654161475298277e-08    2.010000000000000000e+02    6.768000000000000000e+03
6.900000000000000000e+01    1.666276898360441656e-04    5.621168260491687614e-08    2.040000000000000000e+02    6.869000000000000000e+03
7.000000000000000000e+01    1.598668836512420668e-04    5.156634836596176780e-08    2.070000000000000000e+02    6.970000000000000000e+03
7.100000000000000000e+01    1.522573521397439756e-04    4.679829144084509023e-08    2.100000000000000000e+02    7.071000000000000000e+03
7.200000000000000000e+01    1.459808865262625648e-04    4.318739260011811240e-08    2.130000000000000000e+02    7.172000000000000000e+03
7.300000000000000000e+01    1.408297183778883745e-04    4.021206307145258915e-08    2.160000000000000000e+02    7.273000000000000000e+03
7.400000000000000000e+01    1.350523073977865946e-04    3.688585075264003440e-08    2.190000000000000000e+02    7.374000000000000000e+03
7.500000000000000000e+01    1.288467056110969829e-04    3.359814655806239085e-08    2.220000000000000000e+02    7.475000000000000000e+03
7.600000000000000000e+01    1.236500174513305793e-04    3.103821518864681259e-08    2.250000000000000000e+02    7.576000000000000000e+03
7.700000000000000000e+01    1.191477809825103817e-04    2.882604105522883053e-08    2.280000000000000000e+02    7.677000000000000000e+03
7.800000000000000000e+01    1.142334331447793775e-04    2.644763386525727649e-08    2.310000000000000000e+02    7.778000000000000000e+03
7.900000000000000000e+01    1.091437108640399634e-04    2.416305503525786591e-08    2.340000000000000000e+02    7.879000000000000000e+03
8.000000000000000000e+01    1.048018700559271137e-04    2.233317880969140319e-08    2.370000000000000000e+02    7.980000000000000000e+03
8.100000000000000000e+01    1.008957717771855511e-04    2.070170952543246937e-08    2.400000000000000000e+02    8.081000000000000000e+03
8.200000000000000000e+01    9.672927646210533977e-05    1.900200792759492512e-08    2.430000000000000000e+02    8.182000000000000000e+03
8.300000000000000000e+01    9.253069524146418159e-05    1.740280903158015012e-08    2.460000000000000000e+02    8.283000000000000000e+03
8.400000000000000000e+01    8.888034172502900046e-05    1.608770337274321391e-08    2.490000000000000000e+02    8.384000000000000000e+03
8.500000000000000000e+01    8.550983381990707901e-05    1.489134693014819772e-08    2.520000000000000000e+02    8.485000000000000000e+03
8.600000000000000000e+01    8.198480267236690690e-05    1.367648989927989808e-08    2.550000000000000000e+02    8.586000000000000000e+03
8.700000000000000000e+01    7.850264294948841039e-05    1.254964015122658492e-08    2.580000000000000000e+02    8.687000000000000000e+03
8.800000000000000000e+01    7.542057084482699442e-05    1.160117821918547130e-08    2.610000000000000000e+02    8.788000000000000000e+03
8.900000000000000000e+01    7.252403142391986154e-05    1.072742447523402091e-08    2.640000000000000000e+02    8.889000000000000000e+03
9.000000000000000000e+01    6.954510352769940602e-05    9.858478187484821753e-09    2.670000000000000000e+02    8.990000000000000000e+03
9.100000000000000000e+01    6.664320713836585923e-05    9.059887735842454266e-09    2.700000000000000000e+02    9.091000000000000000e+03
9.200000000000000000e+01    6.403348956282585403e-05    8.374305545697620255e-09    2.730000000000000000e+02    9.192000000000000000e+03
9.300000000000000000e+01    6.155186120231747454e-05    7.737970111817241134e-09    2.760000000000000000e+02    9.293000000000000000e+03
9.400000000000000000e+01    5.903546536328128930e-05    7.115738005559235907e-09    2.790000000000000000e+02    9.394000000000000000e+03
9.500000000000000000e+01    5.660707466702371882e-05    6.547018087545786526e-09    2.820000000000000000e+02    9.495000000000000000e+03
9.600000000000000000e+01    5.439310079086157724e-05    6.050730836524900375e-09    2.850000000000000000e+02    9.596000000000000000e+03
9.700000000000000000e+01    5.227177884471523778e-05    5.588202534512869634e-09    2.880000000000000000e+02    9.697000000000000000e+03
9.800000000000000000e+01    5.014586219090154108e-05    5.142019873321835778e-09    2.910000000000000000e+02    9.798000000000000000e+03
9.900000000000000000e+01    4.810657982974089877e-05    4.735354834192293619e-09    2.940000000000000000e+02    9.899000000000000000e+03
1.000000000000000000e+02    4.622596716446190652e-05    4.375752407668871128e-09    2.970000000000000000e+02    1.000000000000000000e+04
1.010000000000000000e+02    4.441564905534181525e-05    4.039987346150427375e-09    3.000000000000000000e+02    1.010100000000000000e+04
1.020000000000000000e+02    4.261879297181634762e-05    3.719560433472624957e-09    3.030000000000000000e+02    1.020200000000000000e+04
1.030000000000000000e+02    4.090128314518360307e-05    3.427799069079626206e-09    3.060000000000000000e+02    1.030300000000000000e+04
1.040000000000000000e+02    3.930250680969870459e-05    3.167067031302072559e-09    3.090000000000000000e+02    1.040400000000000000e+04
1.050000000000000000e+02    3.775941647447018115e-05    2.923512503345997628e-09    3.120000000000000000e+02    1.050500000000000000e+04
1.060000000000000000e+02    3.623966310363951936e-05    2.693042444570047722e-09    3.150000000000000000e+02    1.060600000000000000e+04
1.070000000000000000e+02    3.478970105394334683e-05    2.483145904696581372e-09    3.180000000000000000e+02    1.070700000000000000e+04
1.080000000000000000e+02    3.342977182267730464e-05    2.294011990449486217e-09    3.210000000000000000e+02    1.080800000000000000e+04
1.090000000000000000e+02    3.211551347585081420e-05    2.117414726493517494e-09    3.240000000000000000e+02    1.090900000000000000e+04
1.100000000000000000e+02    3.082911625227997767e-05    1.951397521280052297e-09    3.270000000000000000e+02    1.101000000000000000e+04
1.110000000000000000e+02    2.960264817325152417e-05    1.800058987245492422e-09    3.300000000000000000e+02    1.111100000000000000e+04
1.120000000000000000e+02    2.844544795457585080e-05    1.662811857191908746e-09    3.330000000000000000e+02    1.121200000000000000e+04
1.130000000000000000e+02    2.732665087094254301e-05    1.534779138914866467e-09    3.360000000000000000e+02    1.131300000000000000e+04
1.140000000000000000e+02    2.623687394203241428e-05    1.415019644795065291e-09    3.390000000000000000e+02    1.141400000000000000e+04
1.150000000000000000e+02    2.519782094675881778e-05    1.305704591926329447e-09    3.420000000000000000e+02    1.151500000000000000e+04
1.160000000000000000e+02    2.421286292738407753e-05    1.206078667772119411e-09    3.450000000000000000e+02    1.161600000000000000e+04
1.170000000000000000e+02    2.326072156198173203e-05    1.113247436241540720e-09    3.480000000000000000e+02    1.171700000000000000e+04
1.180000000000000000e+02    2.233675120000572442e-05    1.026742866550664784e-09    3.510000000000000000e+02    1.181800000000000000e+04
1.190000000000000000e+02    2.145535675949562012e-05    9.476654996571289922e-10    3.540000000000000000e+02    1.191900000000000000e+04
1.200000000000000000e+02    2.061682951273778605e-05    8.753271074367567729e-10    3.570000000000000000e+02    1.202000000000000000e+04
1.210000000000000000e+02    1.980660568434267660e-05    8.080039993738803536e-10    3.600000000000000000e+02    1.212100000000000000e+04
1.220000000000000000e+02    1.902259781951066306e-05    7.454453332554942315e-10    3.630000000000000000e+02    1.222200000000000000e+04
1.230000000000000000e+02    1.827417155097411819e-05    6.881718490466693634e-10    3.660000000000000000e+02    1.232300000000000000e+04
1.240000000000000000e+02    1.756018048104210331e-05    6.356323847813794536e-10    3.690000000000000000e+02    1.242400000000000000e+04
1.250000000000000000e+02    1.687070899705646112e-05    5.867928152989446503e-10    3.720000000000000000e+02    1.252500000000000000e+04
1.260000000000000000e+02    1.620497451726340062e-05    5.415022563894983618e-10    3.750000000000000000e+02    1.262600000000000000e+04
1.270000000000000000e+02    1.556892601189517210e-05    4.999793452906758604e-10    3.780000000000000000e+02    1.272700000000000000e+04
1.280000000000000000e+02    1.496087758890486899e-05    4.618090947073939383e-10    3.810000000000000000e+02    1.282800000000000000e+04
1.290000000000000000e+02    1.437409951100017171e-05    4.263647891327922218e-10    3.840000000000000000e+02    1.292900000000000000e+04
1.300000000000000000e+02    1.380841734879007807e-05    3.935444647175148783e-10    3.870000000000000000e+02    1.303000000000000000e+04
1.310000000000000000e+02    1.326750376977083475e-05    3.634155401816277769e-10    3.900000000000000000e+02    1.313100000000000000e+04
1.320000000000000000e+02    1.274959722758100454e-05    3.356763585412990334e-10    3.930000000000000000e+02    1.323200000000000000e+04
1.330000000000000000e+02    1.225013348270949761e-05    3.099429116819053614e-10    3.960000000000000000e+02    1.333300000000000000e+04
1.340000000000000000e+02    1.176917653299059646e-05    2.861389774472070597e-10    3.990000000000000000e+02    1.343400000000000000e+04
1.350000000000000000e+02    1.130890936211794947e-05    2.642618813755816873e-10    4.020000000000000000e+02    1.353500000000000000e+04
1.360000000000000000e+02    1.086771215683248578e-05    2.440977779731343232e-10    4.050000000000000000e+02    1.363600000000000000e+04
1.370000000000000000e+02    1.044248271359125763e-05    2.254067457451511809e-10    4.080000000000000000e+02    1.373700000000000000e+04
1.380000000000000000e+02    1.003334043757399037e-05    2.081289436128299659e-10    4.110000000000000000e+02    1.383800000000000000e+04
1.390000000000000000e+02    9.641512144366661018e-06    1.922343953188191140e-10    4.140000000000000000e+02    1.393900000000000000e+04
1.400000000000000000e+02    9.265602608482714756e-06    1.775723280891530742e-10    4.170000000000000000e+02    1.404000000000000000e+04
1.410000000000000000e+02    8.903491762680665453e-06    1.639905204831541895e-10    4.200000000000000000e+02    1.414100000000000000e+04
1.420000000000000000e+02    8.555274114783160706e-06    1.514417236788258880e-10    4.230000000000000000e+02    1.424200000000000000e+04
1.430000000000000000e+02    8.221576401980615581e-06    1.398876037262463931e-10    4.260000000000000000e+02    1.434300000000000000e+04
1.440000000000000000e+02    7.901241494878134101e-06    1.292231880067346453e-10    4.290000000000000000e+02    1.444400000000000000e+04
1.450000000000000000e+02    7.592807063541787962e-06    1.193501900556656363e-10    4.320000000000000000e+02    1.454500000000000000e+04
1.460000000000000000e+02    7.296316047797065842e-06    1.102304987949195284e-10    4.350000000000000000e+02    1.464600000000000000e+04
1.470000000000000000e+02    7.012028997492802920e-06    1.018275632489895013e-10    4.380000000000000000e+02    1.474700000000000000e+04
1.480000000000000000e+02    6.739007934238175885e-06    9.406883864636665247e-11    4.410000000000000000e+02    1.484800000000000000e+04
1.490000000000000000e+02    6.476230700871591729e-06    8.688902354910289364e-11    4.440000000000000000e+02    1.494900000000000000e+04
1.500000000000000000e+02    6.223687805661170134e-06    8.025803026394565889e-11    4.470000000000000000e+02    1.505000000000000000e+04
1.510000000000000000e+02    5.981424667001885320e-06    7.414454530273212472e-11    4.500000000000000000e+02    1.515100000000000000e+04
1.520000000000000000e+02    5.748691139242939059e-06    6.849808820233860516e-11    4.530000000000000000e+02    1.525200000000000000e+04
1.530000000000000000e+02    5.524760273062693374e-06    6.327497608959841546e-11    4.560000000000000000e+02    1.535300000000000000e+04
1.540000000000000000e+02    5.309579930139545071e-06    5.845113880990954679e-11    4.590000000000000000e+02    1.545400000000000000e+04
1.550000000000000000e+02    5.103076136409090806e-06    5.400194902916527845e-11    4.620000000000000000e+02    1.555500000000000000e+04
1.560000000000000000e+02    4.904653196485391246e-06    4.989152438726443281e-11    4.650000000000000000e+02    1.565600000000000000e+04
1.570000000000000000e+02    4.713783261013923347e-06    4.609055724226102368e-11    4.680000000000000000e+02    1.575700000000000000e+04
1.580000000000000000e+02    4.530384183092264519e-06    4.258021492689696787e-11    4.710000000000000000e+02    1.585800000000000000e+04
1.590000000000000000e+02    4.354321933533484869e-06    3.934099615850859130e-11    4.740000000000000000e+02    1.595900000000000000e+04
1.600000000000000000e+02    4.185124620336537109e-06    3.634827360298917974e-11    4.770000000000000000e+02    1.606000000000000000e+04
1.610000000000000000e+02    4.022399978009979258e-06    3.358109731096288842e-11    4.800000000000000000e+02    1.616100000000000000e+04
1.620000000000000000e+02    3.866047694428416902e-06    3.102564923071373709e-11    4.830000000000000000e+02    1.626200000000000000e+04
1.630000000000000000e+02    3.715909428775513478e-06    2.866666264381359099e-11    4.860000000000000000e+02    1.636300000000000000e+04
1.640000000000000000e+02    3.571610990666155926e-06    2.648708785741933304e-11    4.890000000000000000e+02    1.646400000000000000e+04
1.650000000000000000e+02    3.432853758860127188e-06    2.447210389670656760e-11    4.920000000000000000e+02    1.656500000000000000e+04
1.660000000000000000e+02    3.299528892765408310e-06    2.261123578698737227e-11    4.950000000000000000e+02    1.666600000000000000e+04
1.670000000000000000e+02    3.171474441440147515e-06    2.089289419456447528e-11    4.980000000000000000e+02    1.676700000000000000e+04
1.680000000000000000e+02    3.048392642478494520e-06    1.930515547803779325e-11    5.010000000000000000e+02    1.686800000000000000e+04
1.690000000000000000e+02    2.930050769992738859e-06    1.783765609862034101e-11    5.040000000000000000e+02    1.696900000000000000e+04
1.700000000000000000e+02    2.816338607385877725e-06    1.648192692784103024e-11    5.070000000000000000e+02    1.707000000000000000e+04
1.710000000000000000e+02    2.707101883470110104e-06    1.523005601673345217e-11    5.100000000000000000e+02    1.717100000000000000e+04
1.720000000000000000e+02    2.602102398257832651e-06    1.407323992912371818e-11    5.130000000000000000e+02    1.727200000000000000e+04
1.730000000000000000e+02    2.501154857331158876e-06    1.300378958784728907e-11    5.160000000000000000e+02    1.737300000000000000e+04
1.740000000000000000e+02    2.404152574131488218e-06    1.201624463375833085e-11    5.190000000000000000e+02    1.747400000000000000e+04
1.750000000000000000e+02    2.310954492493956230e-06    1.110403034870166177e-11    5.220000000000000000e+02    1.757500000000000000e+04
1.760000000000000000e+02    2.221368836034523426e-06    1.026090632222490199e-11    5.250000000000000000e+02    1.767600000000000000e+04
1.770000000000000000e+02    2.135245331838694453e-06    9.481746502885024285e-12    5.280000000000000000e+02    1.777700000000000000e+04
1.780000000000000000e+02    2.052483907935021464e-06    8.761870582842747010e-12    5.310000000000000000e+02    1.787800000000000000e+04
1.790000000000000000e+02    1.972958842369686247e-06    8.096932561961592034e-12    5.340000000000000000e+02    1.797900000000000000e+04
1.800000000000000000e+02    1.896514654850202519e-06    7.482363568303206831e-12    5.370000000000000000e+02    1.808000000000000000e+04
1.810000000000000000e+02    1.823027626998889441e-06    6.914486217136730015e-12    5.400000000000000000e+02    1.818100000000000000e+04
1.820000000000000000e+02    1.752406008796880263e-06    6.389845995533162486e-12    5.430000000000000000e+02    1.828200000000000000e+04
1.830000000000000000e+02    1.684539588732322831e-06    5.905099826464446384e-12    5.460000000000000000e+02    1.838300000000000000e+04
1.840000000000000000e+02    1.619301417575608710e-06    5.457016068803456202e-12    5.490000000000000000e+02    1.848400000000000000e+04
