iter    var_error    func_error    n_comm    n_grad
1.000000000000000000e+00    4.530424359066179685e-01    4.719193291409936042e-01    0.000000000000000000e+00    1.000000000000000000e+00
2.000000000000000000e+00    2.335852042815531604e-01    1.004153847428216895e-01    4.000000000000000000e+00    2.100000000000000089e+00
3.000000000000000000e+00    1.300524572600272044e-01    2.827751734324545491e-02    8.000000000000000000e+00    3.200000000000000178e+00
4.000000000000000000e+00    7.459553961974356440e-02    8.758995214939890861e-03    1.200000000000000000e+01    4.299999999999999822e+00
5.000000000000000000e+00    4.493056526751074836e-02    3.040780786787046844e-03    1.600000000000000000e+01    5.400000000000000355e+00
6.000000000000000000e+00    2.719826127611794236e-02    1.092794171201501557e-03    2.000000000000000000e+01    6.500000000000000000e+00
7.000000000000000000e+00    1.670135423006685257e-02    4.068814054365709225e-04    2.400000000000000000e+01    7.599999999999999645e+00
8.000000000000000000e+00    1.067629600080416928e-02    1.802803965455906097e-04    2.800000000000000000e+01    8.699999999999999289e+00
9.000000000000000000e+00    6.775150369289543138e-03    7.011658865723770489e-05    3.200000000000000000e+01    9.800000000000000711e+00
1.000000000000000000e+01    4.522994637525703902e-03    3.387598077733254830e-05    3.600000000000000000e+01    1.090000000000000036e+01
1.100000000000000000e+01    3.199637022673919133e-03    1.674643731272436152e-05    4.000000000000000000e+01    1.200000000000000000e+01
1.200000000000000000e+01    2.416608402168196092e-03    1.110996512379710898e-05    4.400000000000000000e+01    1.309999999999999964e+01
1.300000000000000000e+01    1.787738181514605300e-03    6.218663902685144609e-06    4.800000000000000000e+01    1.419999999999999929e+01
1.400000000000000000e+01    1.564500927719830996e-03    5.235020100404952397e-06    5.200000000000000000e+01    1.530000000000000071e+01
1.500000000000000000e+01    1.321446029649209729e-03    3.375237203523786810e-06    5.600000000000000000e+01    1.639999999999999858e+01
1.600000000000000000e+01    1.278168288123686033e-03    3.730798529344972366e-06    6.000000000000000000e+01    1.750000000000000000e+01
1.700000000000000000e+01    1.044866115162405417e-03    2.623811539730799075e-06    6.400000000000000000e+01    1.860000000000000142e+01
1.800000000000000000e+01    9.470720752248871664e-04    2.079967212724162408e-06    6.800000000000000000e+01    1.969999999999999929e+01
1.900000000000000000e+01    7.610285931630497843e-04    1.286488429493086406e-06    7.200000000000000000e+01    2.080000000000000071e+01
2.000000000000000000e+01    7.206260632862308921e-04    1.040124219692112187e-06    7.600000000000000000e+01    2.189999999999999858e+01
2.100000000000000000e+01    6.923640357586655601e-04    1.082482079433975332e-06    8.000000000000000000e+01    2.300000000000000000e+01
2.200000000000000000e+01    6.232736693825970207e-04    9.109873485970113686e-07    8.400000000000000000e+01    2.410000000000000142e+01
2.300000000000000000e+01    5.640832813275792335e-04    6.810671298229945870e-07    8.800000000000000000e+01    2.519999999999999929e+01
2.400000000000000000e+01    5.513460047667648667e-04    6.353772169610073995e-07    9.200000000000000000e+01    2.630000000000000071e+01
2.500000000000000000e+01    5.395754101736325095e-04    6.623218385633588747e-07    9.600000000000000000e+01    2.739999999999999858e+01
2.600000000000000000e+01    4.987141190959615365e-04    5.219803664418339552e-07    1.000000000000000000e+02    2.850000000000000000e+01
2.700000000000000000e+01    4.063827986477904788e-04    3.180307088401441577e-07    1.040000000000000000e+02    2.960000000000000142e+01
2.800000000000000000e+01    3.827427982843682307e-04    4.048716101326589274e-07    1.080000000000000000e+02    3.069999999999999929e+01
2.900000000000000000e+01    3.502147586169849364e-04    2.636178868407941611e-07    1.120000000000000000e+02    3.180000000000000071e+01
3.000000000000000000e+01    3.261078533537368628e-04    2.503973766013719284e-07    1.160000000000000000e+02    3.289999999999999858e+01
3.100000000000000000e+01    3.223884971939778329e-04    2.454429344399406096e-07    1.200000000000000000e+02    3.400000000000000000e+01
3.200000000000000000e+01    2.718909121663021819e-04    1.698714091886019186e-07    1.240000000000000000e+02    3.510000000000000142e+01
3.300000000000000000e+01    2.536622602111957827e-04    1.369948646926872917e-07    1.280000000000000000e+02    3.620000000000000284e+01
3.400000000000000000e+01    2.730939275348237636e-04    2.524065890739034489e-07    1.320000000000000000e+02    3.729999999999999716e+01
3.500000000000000000e+01    2.363267257460752158e-04    1.399759074285578705e-07    1.360000000000000000e+02    3.839999999999999858e+01
3.600000000000000000e+01    1.664119736146043194e-04    6.611814665144706790e-08    1.400000000000000000e+02    3.950000000000000000e+01
3.700000000000000000e+01    1.682623173573039792e-04    7.117073531401176377e-08    1.440000000000000000e+02    4.060000000000000142e+01
3.800000000000000000e+01    1.493817613343189103e-04    5.294086239799764706e-08    1.480000000000000000e+02    4.170000000000000284e+01
3.900000000000000000e+01    1.396640693127129955e-04    4.733054474032875490e-08    1.520000000000000000e+02    4.279999999999999716e+01
4.000000000000000000e+01    1.221260063691160527e-04    3.394948779550587656e-08    1.560000000000000000e+02    4.389999999999999858e+01
4.100000000000000000e+01    1.218187697408788567e-04    3.309456716455609879e-08    1.600000000000000000e+02    4.500000000000000000e+01
4.200000000000000000e+01    1.104830050849880735e-04    2.823990604605310845e-08    1.640000000000000000e+02    4.610000000000000142e+01
4.300000000000000000e+01    1.039612463804354928e-04    2.849121762707329061e-08    1.680000000000000000e+02    4.720000000000000284e+01
4.400000000000000000e+01    9.808947758065526845e-05    2.182700752856525465e-08    1.720000000000000000e+02    4.829999999999999716e+01
4.500000000000000000e+01    9.483952749286114954e-05    2.399384786594422556e-08    1.760000000000000000e+02    4.939999999999999858e+01
4.600000000000000000e+01    9.227895858737699666e-05    2.074892291081255386e-08    1.800000000000000000e+02    5.050000000000000000e+01
4.700000000000000000e+01    8.230219349067918006e-05    1.456708272222168660e-08    1.840000000000000000e+02    5.160000000000000142e+01
4.800000000000000000e+01    6.992312089568181307e-05    1.297604327430929923e-08    1.880000000000000000e+02    5.270000000000000284e+01
4.900000000000000000e+01    7.190811282251515478e-05    1.320514712893978263e-08    1.920000000000000000e+02    5.379999999999999716e+01
5.000000000000000000e+01    6.620306836644885759e-05    1.116739335915299881e-08    1.960000000000000000e+02    5.489999999999999858e+01
5.100000000000000000e+01    5.835984095790950509e-05    7.328519286600215492e-09    2.000000000000000000e+02    5.600000000000000000e+01
5.200000000000000000e+01    6.064232750903581442e-05    8.306408988488530824e-09    2.040000000000000000e+02    5.710000000000000142e+01
5.300000000000000000e+01    5.632739537572814032e-05    8.309999453216667461e-09    2.080000000000000000e+02    5.820000000000000284e+01
5.400000000000000000e+01    4.833758259452345415e-05    5.393117720284025555e-09    2.120000000000000000e+02    5.929999999999999716e+01
5.500000000000000000e+01    4.836867942495068926e-05    6.616897869483821921e-09    2.160000000000000000e+02    6.039999999999999858e+01
5.600000000000000000e+01    4.455088177706405695e-05    4.854457079368378559e-09    2.200000000000000000e+02    6.150000000000000000e+01
5.700000000000000000e+01    4.308408332042839304e-05    3.953780198879148382e-09    2.240000000000000000e+02    6.260000000000000142e+01
5.800000000000000000e+01    3.782712698317786088e-05    3.471651659123402845e-09    2.280000000000000000e+02    6.370000000000000284e+01
5.900000000000000000e+01    3.207472748530105605e-05    2.447879896563476075e-09    2.320000000000000000e+02    6.479999999999999716e+01
6.000000000000000000e+01    3.226327421683920337e-05    2.379763476321841165e-09    2.360000000000000000e+02    6.590000000000000568e+01
6.100000000000000000e+01    2.889830028567896554e-05    2.112737873167162182e-09    2.400000000000000000e+02    6.700000000000000000e+01
6.200000000000000000e+01    2.785004162491794185e-05    1.811330060009696054e-09    2.440000000000000000e+02    6.809999999999999432e+01
6.300000000000000000e+01    2.523265769213620723e-05    1.644904107911600237e-09    2.480000000000000000e+02    6.920000000000000284e+01
6.400000000000000000e+01    2.405347018331736812e-05    1.459469531267855399e-09    2.520000000000000000e+02    7.029999999999999716e+01
6.500000000000000000e+01    2.082613756130155278e-05    1.007435036611004446e-09    2.560000000000000000e+02    7.140000000000000568e+01
6.600000000000000000e+01    1.906019141556221722e-05    1.474978399908729010e-09    2.600000000000000000e+02    7.250000000000000000e+01
6.700000000000000000e+01    1.515304021629456905e-05    5.241999383589714279e-10    2.640000000000000000e+02    7.359999999999999432e+01
6.800000000000000000e+01    1.431719884260220119e-05    5.296789073002590619e-10    2.680000000000000000e+02    7.470000000000000284e+01
6.900000000000000000e+01    1.449123416853046848e-05    4.431733346862747428e-10    2.720000000000000000e+02    7.579999999999999716e+01
7.000000000000000000e+01    1.308565126174609631e-05    4.006696762233203265e-10    2.760000000000000000e+02    7.690000000000000568e+01
7.100000000000000000e+01    1.432796997098217789e-05    4.891802035669333117e-10    2.800000000000000000e+02    7.800000000000000000e+01
7.200000000000000000e+01    1.142970285361067359e-05    3.173249829393667662e-10    2.840000000000000000e+02    7.909999999999999432e+01
7.300000000000000000e+01    1.086215936117339550e-05    3.030569530554081024e-10    2.880000000000000000e+02    8.020000000000000284e+01
7.400000000000000000e+01    9.872547076518980487e-06    2.151212120888195824e-10    2.920000000000000000e+02    8.129999999999999716e+01
7.500000000000000000e+01    1.103721879075542014e-05    2.588723954627450745e-10    2.960000000000000000e+02    8.240000000000000568e+01
7.600000000000000000e+01    1.046712230556282802e-05    2.539431398207713459e-10    3.000000000000000000e+02    8.350000000000000000e+01
7.700000000000000000e+01    1.060717798826341374e-05    3.054797924135441885e-10    3.040000000000000000e+02    8.459999999999999432e+01
7.800000000000000000e+01    8.009456296720360863e-06    1.428457811524758476e-10    3.080000000000000000e+02    8.570000000000000284e+01
7.900000000000000000e+01    7.852302821261791777e-06    1.614459931211966964e-10    3.120000000000000000e+02    8.679999999999999716e+01
8.000000000000000000e+01    7.891900968551442911e-06    1.732488380046638616e-10    3.160000000000000000e+02    8.790000000000000568e+01
8.100000000000000000e+01    6.974509017925144509e-06    1.253572537314859274e-10    3.200000000000000000e+02    8.900000000000000000e+01
8.200000000000000000e+01    6.550414339616408348e-06    8.823349769388773132e-11    3.240000000000000000e+02    9.009999999999999432e+01
8.300000000000000000e+01    5.871779594823733331e-06    1.075256151715160918e-10    3.280000000000000000e+02    9.120000000000000284e+01
8.400000000000000000e+01    4.844174122311443079e-06    5.337389629149371653e-11    3.320000000000000000e+02    9.229999999999999716e+01
8.500000000000000000e+01    4.928577912785530780e-06    6.965278700783055656e-11    3.360000000000000000e+02    9.340000000000000568e+01
8.600000000000000000e+01    4.996478564154901253e-06    8.751596192776509002e-11    3.400000000000000000e+02    9.450000000000000000e+01
8.700000000000000000e+01    5.215764244295721644e-06    6.870056723433811259e-11    3.440000000000000000e+02    9.559999999999999432e+01
8.800000000000000000e+01    4.613998280252896831e-06    5.033258768316649971e-11    3.480000000000000000e+02    9.670000000000000284e+01
8.900000000000000000e+01    4.062857519474104933e-06    4.483935494655905912e-11    3.520000000000000000e+02    9.779999999999999716e+01
9.000000000000000000e+01    3.646707944262570236e-06    3.098419507556579636e-11    3.560000000000000000e+02    9.890000000000000568e+01
9.100000000000000000e+01    2.886292144768319963e-06    2.559426341912541216e-11    3.600000000000000000e+02    1.000000000000000000e+02
9.200000000000000000e+01    3.014562522675109088e-06    2.070055582955008509e-11    3.640000000000000000e+02    1.010999999999999943e+02
9.300000000000000000e+01    2.960116848009996644e-06    1.950384568940550048e-11    3.680000000000000000e+02    1.022000000000000028e+02
9.400000000000000000e+01    2.455102834235055366e-06    1.476871138686115724e-11    3.720000000000000000e+02    1.032999999999999972e+02
9.500000000000000000e+01    2.256928900094174983e-06    1.407558008304336062e-11    3.760000000000000000e+02    1.044000000000000057e+02
9.600000000000000000e+01    2.247354855923695463e-06    1.349722775718896142e-11    3.800000000000000000e+02    1.055000000000000000e+02
9.700000000000000000e+01    2.064578748562410488e-06    9.265783726872341749e-12    3.840000000000000000e+02    1.065999999999999943e+02
9.800000000000000000e+01    2.164453239990229034e-06    1.037367945397146211e-11    3.880000000000000000e+02    1.077000000000000028e+02
9.900000000000000000e+01    1.923688559879952886e-06    7.521923313135252310e-12    3.920000000000000000e+02    1.087999999999999972e+02
1.000000000000000000e+02    1.846606622315621541e-06    9.593851019225974126e-12    3.960000000000000000e+02    1.099000000000000057e+02
1.010000000000000000e+02    1.919293285942696935e-06    1.102045342300015871e-11    4.000000000000000000e+02    1.110000000000000000e+02
1.020000000000000000e+02    1.672724547155087381e-06    7.263503458866205543e-12    4.040000000000000000e+02    1.120999999999999943e+02
1.030000000000000000e+02    1.645733694809378111e-06    5.719670487308045510e-12    4.080000000000000000e+02    1.132000000000000028e+02
