iter    var_error    func_error    n_comm    n_grad
1.000000000000000000e+00    4.530424359066179685e-01    4.719193291409936042e-01    0.000000000000000000e+00    1.000000000000000000e+00
2.000000000000000000e+00    2.250100128214480300e-01    9.273470304482941962e-02    3.000000000000000000e+00    2.100000000000000089e+00
3.000000000000000000e+00    1.261180813907206433e-01    2.662426880832313020e-02    6.000000000000000000e+00    3.200000000000000178e+00
4.000000000000000000e+00    7.643452853849201645e-02    9.838860490286309435e-03    9.000000000000000000e+00    4.299999999999999822e+00
5.000000000000000000e+00    4.439881077631310791e-02    3.061796235012991581e-03    1.200000000000000000e+01    5.400000000000000355e+00
6.000000000000000000e+00    2.837776047356511608e-02    1.446250554605401587e-03    1.500000000000000000e+01    6.500000000000000000e+00
7.000000000000000000e+00    1.676714372612592846e-02    4.466151775324113306e-04    1.800000000000000000e+01    7.599999999999999645e+00
8.000000000000000000e+00    1.072845028892179496e-02    2.460284444425904471e-04    2.100000000000000000e+01    8.699999999999999289e+00
9.000000000000000000e+00    6.816192681240443828e-03    8.243570118546787598e-05    2.400000000000000000e+01    9.800000000000000711e+00
1.000000000000000000e+01    6.152329303034296225e-03    1.103930958501355932e-04    2.700000000000000000e+01    1.090000000000000036e+01
1.100000000000000000e+01    3.543052667317149115e-03    2.933920858019529914e-05    3.000000000000000000e+01    1.200000000000000000e+01
1.200000000000000000e+01    3.818827313586039413e-03    4.347443424981705144e-05    3.300000000000000000e+01    1.309999999999999964e+01
1.300000000000000000e+01    2.297400754468873017e-03    1.217391181553178402e-05    3.600000000000000000e+01    1.419999999999999929e+01
1.400000000000000000e+01    2.812328639005365772e-03    2.640795099612408350e-05    3.900000000000000000e+01    1.530000000000000071e+01
1.500000000000000000e+01    2.161783001069136553e-03    1.739004755690729985e-05    4.200000000000000000e+01    1.639999999999999858e+01
1.600000000000000000e+01    2.696747424767268874e-03    2.521140589444319149e-05    4.500000000000000000e+01    1.750000000000000000e+01
1.700000000000000000e+01    1.809189567226595881e-03    7.300317308988840564e-06    4.800000000000000000e+01    1.860000000000000142e+01
1.800000000000000000e+01    1.876439574151900647e-03    9.004213439608925481e-06    5.100000000000000000e+01    1.969999999999999929e+01
1.900000000000000000e+01    1.737463623723232639e-03    7.226349229678573680e-06    5.400000000000000000e+01    2.080000000000000071e+01
2.000000000000000000e+01    1.734153799616638091e-03    7.101837986720577564e-06    5.700000000000000000e+01    2.189999999999999858e+01
2.100000000000000000e+01    1.398827982476893083e-03    4.171863764454584879e-06    6.000000000000000000e+01    2.300000000000000000e+01
2.200000000000000000e+01    1.544146249868999987e-03    6.727465951194112222e-06    6.300000000000000000e+01    2.410000000000000142e+01
2.300000000000000000e+01    1.355196158453457955e-03    4.346334059504221974e-06    6.600000000000000000e+01    2.519999999999999929e+01
2.400000000000000000e+01    1.322188625782453383e-03    4.352748380055241381e-06    6.900000000000000000e+01    2.630000000000000071e+01
2.500000000000000000e+01    1.268049658698333550e-03    3.466757823605413404e-06    7.200000000000000000e+01    2.739999999999999858e+01
2.600000000000000000e+01    9.261458267164436381e-04    2.219620168659706734e-06    7.500000000000000000e+01    2.850000000000000000e+01
2.700000000000000000e+01    9.940548861008746077e-04    2.328624993452290139e-06    7.800000000000000000e+01    2.960000000000000142e+01
2.800000000000000000e+01    9.862649857222073515e-04    2.183309269432096470e-06    8.100000000000000000e+01    3.069999999999999929e+01
2.900000000000000000e+01    8.781038300808743490e-04    1.522513365897374574e-06    8.400000000000000000e+01    3.180000000000000071e+01
3.000000000000000000e+01    7.648659387380927826e-04    1.204788878901308261e-06    8.700000000000000000e+01    3.289999999999999858e+01
3.100000000000000000e+01    6.960157476040589779e-04    1.127329359478937073e-06    9.000000000000000000e+01    3.400000000000000000e+01
3.200000000000000000e+01    6.729853639537142478e-04    1.048267195785365870e-06    9.300000000000000000e+01    3.510000000000000142e+01
3.300000000000000000e+01    8.008484321051095606e-04    1.790819229373283450e-06    9.600000000000000000e+01    3.620000000000000284e+01
3.400000000000000000e+01    6.526593050105786295e-04    1.066484261373285570e-06    9.900000000000000000e+01    3.729999999999999716e+01
3.500000000000000000e+01    6.360569175820849361e-04    9.410471301651373756e-07    1.020000000000000000e+02    3.839999999999999858e+01
3.600000000000000000e+01    5.359880826945505805e-04    6.152082925071778775e-07    1.050000000000000000e+02    3.950000000000000000e+01
3.700000000000000000e+01    4.730422398326364591e-04    5.111159685231190501e-07    1.080000000000000000e+02    4.060000000000000142e+01
3.800000000000000000e+01    3.751417269270448224e-04    2.953179308772500886e-07    1.110000000000000000e+02    4.170000000000000284e+01
3.900000000000000000e+01    4.064266027303950414e-04    3.695220123701595743e-07    1.140000000000000000e+02    4.279999999999999716e+01
4.000000000000000000e+01    3.843762157074773460e-04    3.986447344619358716e-07    1.170000000000000000e+02    4.389999999999999858e+01
4.100000000000000000e+01    3.568132980416974286e-04    3.340848812617318657e-07    1.200000000000000000e+02    4.500000000000000000e+01
4.200000000000000000e+01    3.225426475905401554e-04    2.299797315626548194e-07    1.230000000000000000e+02    4.610000000000000142e+01
4.300000000000000000e+01    2.909097487753780210e-04    1.930155054892971486e-07    1.260000000000000000e+02    4.720000000000000284e+01
4.400000000000000000e+01    3.018858738322557412e-04    2.272146672038230698e-07    1.290000000000000000e+02    4.829999999999999716e+01
4.500000000000000000e+01    3.147348420249120884e-04    1.946158548495531881e-07    1.320000000000000000e+02    4.939999999999999858e+01
4.600000000000000000e+01    3.192979066761952932e-04    2.261280614170335560e-07    1.350000000000000000e+02    5.050000000000000000e+01
4.700000000000000000e+01    2.984913163153002456e-04    1.964667946891144560e-07    1.380000000000000000e+02    5.160000000000000142e+01
4.800000000000000000e+01    2.583407194343936473e-04    1.712987018263465016e-07    1.410000000000000000e+02    5.270000000000000284e+01
4.900000000000000000e+01    2.150519806048927353e-04    9.763685071200325735e-08    1.440000000000000000e+02    5.379999999999999716e+01
5.000000000000000000e+01    2.346958171741825576e-04    1.246100389075594676e-07    1.470000000000000000e+02    5.489999999999999858e+01
5.100000000000000000e+01    2.092379974722157756e-04    9.462271218217029121e-08    1.500000000000000000e+02    5.600000000000000000e+01
5.200000000000000000e+01    2.018330724202080720e-04    8.320305034191577129e-08    1.530000000000000000e+02    5.710000000000000142e+01
5.300000000000000000e+01    1.961312536983821498e-04    8.648955704630196746e-08    1.560000000000000000e+02    5.820000000000000284e+01
5.400000000000000000e+01    1.833425960849102395e-04    7.333330409043608310e-08    1.590000000000000000e+02    5.929999999999999716e+01
5.500000000000000000e+01    1.724302917729667636e-04    6.711070610964221130e-08    1.620000000000000000e+02    6.039999999999999858e+01
5.600000000000000000e+01    1.475347748945672144e-04    5.098540292669260286e-08    1.650000000000000000e+02    6.150000000000000000e+01
5.700000000000000000e+01    1.498983265631122794e-04    5.290988622630695283e-08    1.680000000000000000e+02    6.260000000000000142e+01
5.800000000000000000e+01    1.408901205152673767e-04    6.034387335273201153e-08    1.710000000000000000e+02    6.370000000000000284e+01
5.900000000000000000e+01    1.516831524289481031e-04    5.393350431875948772e-08    1.740000000000000000e+02    6.479999999999999716e+01
6.000000000000000000e+01    1.524530169712258422e-04    5.925975737827708702e-08    1.770000000000000000e+02    6.590000000000000568e+01
6.100000000000000000e+01    1.243763170437128059e-04    4.252519935691289576e-08    1.800000000000000000e+02    6.700000000000000000e+01
6.200000000000000000e+01    1.305566651919431282e-04    3.359789348713137084e-08    1.830000000000000000e+02    6.809999999999999432e+01
6.300000000000000000e+01    1.410499015440742280e-04    5.112794872239976130e-08    1.860000000000000000e+02    6.920000000000000284e+01
6.400000000000000000e+01    1.323439611268110766e-04    4.350911618093920106e-08    1.890000000000000000e+02    7.029999999999999716e+01
6.500000000000000000e+01    1.184281577690974132e-04    3.219877786268189524e-08    1.920000000000000000e+02    7.140000000000000568e+01
6.600000000000000000e+01    1.194002951790727420e-04    3.942610800230958073e-08    1.950000000000000000e+02    7.250000000000000000e+01
6.700000000000000000e+01    1.013200665885911667e-04    2.698196967885762248e-08    1.980000000000000000e+02    7.359999999999999432e+01
6.800000000000000000e+01    1.012441992292577607e-04    2.327565986549341485e-08    2.010000000000000000e+02    7.470000000000000284e+01
6.900000000000000000e+01    9.881836998165178946e-05    2.139679374341415594e-08    2.040000000000000000e+02    7.579999999999999716e+01
7.000000000000000000e+01    8.604274880078861430e-05    1.770273118130634692e-08    2.070000000000000000e+02    7.690000000000000568e+01
7.100000000000000000e+01    9.187508881324425866e-05    2.267602640276559484e-08    2.100000000000000000e+02    7.800000000000000000e+01
7.200000000000000000e+01    7.756721889466591368e-05    1.523988031719581376e-08    2.130000000000000000e+02    7.909999999999999432e+01
7.300000000000000000e+01    7.122090049786747507e-05    1.236764938966534709e-08    2.160000000000000000e+02    8.020000000000000284e+01
7.400000000000000000e+01    7.180311839425700755e-05    1.095977534914595808e-08    2.190000000000000000e+02    8.129999999999999716e+01
7.500000000000000000e+01    6.779095820424296110e-05    1.007770090934346817e-08    2.220000000000000000e+02    8.240000000000000568e+01
7.600000000000000000e+01    6.911911267191837198e-05    1.331920667672674050e-08    2.250000000000000000e+02    8.350000000000000000e+01
7.700000000000000000e+01    6.696356844199592327e-05    9.689541584538653196e-09    2.280000000000000000e+02    8.459999999999999432e+01
7.800000000000000000e+01    6.263480670330038907e-05    1.095087674671266795e-08    2.310000000000000000e+02    8.570000000000000284e+01
7.900000000000000000e+01    5.593977610358185357e-05    7.851371184865572143e-09    2.340000000000000000e+02    8.679999999999999716e+01
8.000000000000000000e+01    5.646975072107297063e-05    1.007298873083651566e-08    2.370000000000000000e+02    8.790000000000000568e+01
8.100000000000000000e+01    4.904190498541666340e-05    5.498266519124491448e-09    2.400000000000000000e+02    8.900000000000000000e+01
8.200000000000000000e+01    4.663109050554599784e-05    5.396757662552177068e-09    2.430000000000000000e+02    9.009999999999999432e+01
8.300000000000000000e+01    4.693302769797769310e-05    5.600982226503935653e-09    2.460000000000000000e+02    9.120000000000000284e+01
8.400000000000000000e+01    4.274937064041840843e-05    4.155514393316804179e-09    2.490000000000000000e+02    9.229999999999999716e+01
8.500000000000000000e+01    4.182969111159250375e-05    4.196298372956524303e-09    2.520000000000000000e+02    9.340000000000000568e+01
8.600000000000000000e+01    3.536681129166553445e-05    3.145921623355988387e-09    2.550000000000000000e+02    9.450000000000000000e+01
8.700000000000000000e+01    3.563042844339386374e-05    2.850413672537642772e-09    2.580000000000000000e+02    9.559999999999999432e+01
8.800000000000000000e+01    3.185172847943554432e-05    2.540999412769774857e-09    2.610000000000000000e+02    9.670000000000000284e+01
8.900000000000000000e+01    3.643427151672961543e-05    5.038180669189161534e-09    2.640000000000000000e+02    9.779999999999999716e+01
9.000000000000000000e+01    3.182182242531339744e-05    2.458388413457579367e-09    2.670000000000000000e+02    9.890000000000000568e+01
9.100000000000000000e+01    3.303848985195740923e-05    2.604423267223022620e-09    2.700000000000000000e+02    1.000000000000000000e+02
9.200000000000000000e+01    2.969755506914409092e-05    1.855771365918114101e-09    2.730000000000000000e+02    1.010999999999999943e+02
9.300000000000000000e+01    3.008103521009883953e-05    2.562640821910921721e-09    2.760000000000000000e+02    1.022000000000000028e+02
9.400000000000000000e+01    2.826941512273160981e-05    1.705075817031951328e-09    2.790000000000000000e+02    1.032999999999999972e+02
9.500000000000000000e+01    3.092637541206335575e-05    2.081128411251448144e-09    2.820000000000000000e+02    1.044000000000000057e+02
9.600000000000000000e+01    3.041637600687040964e-05    2.280648820081122527e-09    2.850000000000000000e+02    1.055000000000000000e+02
9.700000000000000000e+01    2.727611503788202965e-05    1.648741291724407493e-09    2.880000000000000000e+02    1.065999999999999943e+02
9.800000000000000000e+01    2.721431291120019665e-05    1.675772521086094091e-09    2.910000000000000000e+02    1.077000000000000028e+02
9.900000000000000000e+01    2.567961968913369940e-05    1.438143485726355230e-09    2.940000000000000000e+02    1.087999999999999972e+02
1.000000000000000000e+02    2.271159911606997352e-05    1.085050030176565859e-09    2.970000000000000000e+02    1.099000000000000057e+02
1.010000000000000000e+02    2.108558668830540214e-05    9.786139238084945158e-10    3.000000000000000000e+02    1.110000000000000000e+02
1.020000000000000000e+02    2.237089089319884721e-05    1.421684068850503013e-09    3.030000000000000000e+02    1.120999999999999943e+02
1.030000000000000000e+02    1.717286847560172420e-05    6.209615141155395301e-10    3.060000000000000000e+02    1.132000000000000028e+02
1.040000000000000000e+02    1.996709592164459349e-05    1.006300507703581728e-09    3.090000000000000000e+02    1.142999999999999972e+02
1.050000000000000000e+02    1.855808421298954893e-05    7.679995138612027134e-10    3.120000000000000000e+02    1.154000000000000057e+02
1.060000000000000000e+02    1.949291520797756153e-05    9.266353164326121280e-10    3.150000000000000000e+02    1.165000000000000000e+02
1.070000000000000000e+02    1.746050601727615483e-05    8.246576490250626989e-10    3.180000000000000000e+02    1.175999999999999943e+02
1.080000000000000000e+02    1.545835332729379071e-05    5.676528078260929451e-10    3.210000000000000000e+02    1.187000000000000028e+02
1.090000000000000000e+02    1.622733428795300356e-05    7.024955968810956970e-10    3.240000000000000000e+02    1.197999999999999972e+02
1.100000000000000000e+02    1.530530453307674463e-05    5.209070074863321543e-10    3.270000000000000000e+02    1.209000000000000057e+02
1.110000000000000000e+02    1.289892273085265592e-05    3.505783472656788338e-10    3.300000000000000000e+02    1.220000000000000000e+02
1.120000000000000000e+02    1.400473371197773853e-05    7.150524170702913476e-10    3.330000000000000000e+02    1.230999999999999943e+02
1.130000000000000000e+02    1.269193157661480337e-05    3.737333902492306724e-10    3.360000000000000000e+02    1.242000000000000028e+02
1.140000000000000000e+02    1.243503311731503116e-05    3.720737753766006527e-10    3.390000000000000000e+02    1.252999999999999972e+02
1.150000000000000000e+02    1.202626853150085465e-05    3.712268625294920927e-10    3.420000000000000000e+02    1.264000000000000057e+02
1.160000000000000000e+02    1.204215169107754997e-05    2.955461733323663504e-10    3.450000000000000000e+02    1.275000000000000000e+02
1.170000000000000000e+02    1.203735969687477376e-05    3.275108929002621874e-10    3.480000000000000000e+02    1.285999999999999943e+02
1.180000000000000000e+02    1.145325440955608496e-05    3.060880095608492454e-10    3.510000000000000000e+02    1.296999999999999886e+02
1.190000000000000000e+02    1.151189426502394531e-05    3.310670353709106830e-10    3.540000000000000000e+02    1.308000000000000114e+02
1.200000000000000000e+02    1.078464800413578543e-05    2.666188621162650252e-10    3.570000000000000000e+02    1.319000000000000057e+02
1.210000000000000000e+02    9.458286784649925052e-06    2.664931624200099824e-10    3.600000000000000000e+02    1.330000000000000000e+02
1.220000000000000000e+02    9.419374765596738754e-06    2.280321755711877117e-10    3.630000000000000000e+02    1.340999999999999943e+02
1.230000000000000000e+02    1.013523498944722804e-05    2.397916718891910295e-10    3.660000000000000000e+02    1.351999999999999886e+02
1.240000000000000000e+02    9.031441160072642245e-06    1.777738041980441469e-10    3.690000000000000000e+02    1.363000000000000114e+02
1.250000000000000000e+02    8.693994761177544091e-06    1.733426670332514078e-10    3.720000000000000000e+02    1.374000000000000057e+02
1.260000000000000000e+02    7.674742147833227236e-06    1.179781912433497753e-10    3.750000000000000000e+02    1.385000000000000000e+02
1.270000000000000000e+02    7.588176982665259017e-06    1.253111192684987018e-10    3.780000000000000000e+02    1.395999999999999943e+02
1.280000000000000000e+02    8.015214132827665490e-06    1.856644689073744313e-10    3.810000000000000000e+02    1.406999999999999886e+02
1.290000000000000000e+02    6.829134445866377364e-06    1.335755399895661018e-10    3.840000000000000000e+02    1.418000000000000114e+02
1.300000000000000000e+02    7.042586398350055130e-06    1.314186981269626418e-10    3.870000000000000000e+02    1.429000000000000057e+02
1.310000000000000000e+02    6.141513632630648098e-06    8.436956926485585715e-11    3.900000000000000000e+02    1.440000000000000000e+02
1.320000000000000000e+02    6.436010265013930462e-06    1.068439617654946346e-10    3.930000000000000000e+02    1.450999999999999943e+02
1.330000000000000000e+02    5.211143563370098886e-06    5.927520729732636836e-11    3.960000000000000000e+02    1.461999999999999886e+02
1.340000000000000000e+02    5.130686307686323107e-06    5.630031448595660519e-11    3.990000000000000000e+02    1.473000000000000114e+02
1.350000000000000000e+02    5.010960210604952883e-06    5.932045027310610930e-11    4.020000000000000000e+02    1.484000000000000057e+02
1.360000000000000000e+02    4.069111881820911232e-06    3.578574517506759970e-11    4.050000000000000000e+02    1.495000000000000000e+02
1.370000000000000000e+02    3.951712873252438059e-06    3.726650542669635911e-11    4.080000000000000000e+02    1.505999999999999943e+02
1.380000000000000000e+02    4.112074922583869408e-06    4.874362317172952786e-11    4.110000000000000000e+02    1.516999999999999886e+02
1.390000000000000000e+02    3.831789868400383560e-06    3.487876837735489020e-11    4.140000000000000000e+02    1.528000000000000114e+02
1.400000000000000000e+02    4.758445715565230132e-06    4.968013048319009795e-11    4.170000000000000000e+02    1.539000000000000057e+02
1.410000000000000000e+02    4.131205334305561644e-06    4.416137892526846492e-11    4.200000000000000000e+02    1.550000000000000000e+02
1.420000000000000000e+02    3.933976081861066481e-06    4.478642289361477412e-11    4.230000000000000000e+02    1.560999999999999943e+02
1.430000000000000000e+02    3.529997593806830363e-06    3.201319418480269854e-11    4.260000000000000000e+02    1.571999999999999886e+02
1.440000000000000000e+02    3.733130864733125685e-06    3.357418828510489830e-11    4.290000000000000000e+02    1.583000000000000114e+02
1.450000000000000000e+02    3.808134043304777644e-06    3.546971296001498467e-11    4.320000000000000000e+02    1.594000000000000057e+02
1.460000000000000000e+02    3.607532225675295411e-06    3.566338855584059542e-11    4.350000000000000000e+02    1.605000000000000000e+02
1.470000000000000000e+02    3.012549972016531083e-06    2.020522324989250940e-11    4.380000000000000000e+02    1.615999999999999943e+02
1.480000000000000000e+02    2.800479505355668498e-06    1.916664065317516951e-11    4.410000000000000000e+02    1.626999999999999886e+02
1.490000000000000000e+02    2.920458697194520506e-06    2.516846684165148972e-11    4.440000000000000000e+02    1.638000000000000114e+02
1.500000000000000000e+02    3.091752898467667866e-06    2.131334184879350255e-11    4.470000000000000000e+02    1.649000000000000057e+02
1.510000000000000000e+02    2.934820960974640214e-06    1.893184520990441348e-11    4.500000000000000000e+02    1.660000000000000000e+02
1.520000000000000000e+02    2.678397402515165598e-06    1.905420182913141453e-11    4.530000000000000000e+02    1.670999999999999943e+02
1.530000000000000000e+02    2.539702496321063775e-06    1.525836073557102940e-11    4.560000000000000000e+02    1.681999999999999886e+02
1.540000000000000000e+02    2.308399239216390332e-06    1.351461175773487393e-11    4.590000000000000000e+02    1.693000000000000114e+02
1.550000000000000000e+02    2.292466772152921029e-06    1.152358651572320597e-11    4.620000000000000000e+02    1.704000000000000057e+02
1.560000000000000000e+02    2.223636842729919423e-06    1.113968983700096984e-11    4.650000000000000000e+02    1.715000000000000000e+02
1.570000000000000000e+02    2.225462164591305745e-06    1.124354809667270416e-11    4.680000000000000000e+02    1.725999999999999943e+02
1.580000000000000000e+02    2.168500776026939385e-06    1.193077329774092769e-11    4.710000000000000000e+02    1.736999999999999886e+02
1.590000000000000000e+02    1.975063712605530749e-06    9.746963947111127205e-12    4.740000000000000000e+02    1.748000000000000114e+02
1.600000000000000000e+02    1.799687498049073562e-06    8.642188425238195153e-12    4.770000000000000000e+02    1.759000000000000057e+02
1.610000000000000000e+02    1.863027114173732480e-06    9.369196242940335336e-12    4.800000000000000000e+02    1.770000000000000000e+02
1.620000000000000000e+02    1.647778236257891419e-06    7.085428889171536325e-12    4.830000000000000000e+02    1.780999999999999943e+02
1.630000000000000000e+02    1.669369630871181651e-06    6.972432885623105035e-12    4.860000000000000000e+02    1.791999999999999886e+02
1.640000000000000000e+02    1.519281943875361160e-06    6.350843430205794932e-12    4.890000000000000000e+02    1.803000000000000114e+02
1.650000000000000000e+02    1.270390473739807262e-06    4.147087053308569137e-12    4.920000000000000000e+02    1.814000000000000057e+02
1.660000000000000000e+02    1.206510992893142318e-06    3.179711997288907800e-12    4.950000000000000000e+02    1.825000000000000000e+02
