iter    var_error    func_error    n_comm    n_grad
1.000000000000000000e+00    4.530424359066179685e-01    4.719193291409936042e-01    0.000000000000000000e+00    1.000000000000000000e+00
2.000000000000000000e+00    2.788726662930185798e-02    1.452826935485523625e-03    4.000000000000000000e+00    1.020000000000000000e+02
3.000000000000000000e+00    1.752795587828789164e-02    6.736232839946187673e-04    8.000000000000000000e+00    2.030000000000000000e+02
4.000000000000000000e+00    7.962611842072938803e-03    1.239423631939855339e-04    1.200000000000000000e+01    3.040000000000000000e+02
5.000000000000000000e+00    6.440808716394757008e-03    8.083371118720452200e-05    1.600000000000000000e+01    4.050000000000000000e+02
6.000000000000000000e+00    5.375038848716741369e-03    5.544435956213511810e-05    2.000000000000000000e+01    5.060000000000000000e+02
7.000000000000000000e+00    4.446258716257870530e-03    3.873424538652900698e-05    2.400000000000000000e+01    6.070000000000000000e+02
8.000000000000000000e+00    3.889018345458019991e-03    2.934768694413954730e-05    2.800000000000000000e+01    7.080000000000000000e+02
9.000000000000000000e+00    3.287421982350919800e-03    2.133906860983314702e-05    3.200000000000000000e+01    8.090000000000000000e+02
1.000000000000000000e+01    2.921736159705273610e-03    1.676090803894032648e-05    3.600000000000000000e+01    9.100000000000000000e+02
1.100000000000000000e+01    2.520471096907645359e-03    1.263533420949888024e-05    4.000000000000000000e+01    1.011000000000000000e+03
1.200000000000000000e+01    2.258243585051213694e-03    1.011365920532205587e-05    4.400000000000000000e+01    1.112000000000000000e+03
1.300000000000000000e+01    1.984664158754124996e-03    7.884099287938005230e-06    4.800000000000000000e+01    1.213000000000000000e+03
1.400000000000000000e+01    1.788828262485824428e-03    6.398858128973762197e-06    5.200000000000000000e+01    1.314000000000000000e+03
1.500000000000000000e+01    1.597032367842866158e-03    5.133355420672206530e-06    5.600000000000000000e+01    1.415000000000000000e+03
1.600000000000000000e+01    1.447037794657176626e-03    4.215946149367013615e-06    6.000000000000000000e+01    1.516000000000000000e+03
1.700000000000000000e+01    1.307981830452541096e-03    3.459960718283091042e-06    6.400000000000000000e+01    1.617000000000000000e+03
1.800000000000000000e+01    1.190827004269896924e-03    2.871371178270492772e-06    6.800000000000000000e+01    1.718000000000000000e+03
1.900000000000000000e+01    1.086364278203144152e-03    2.396977011475682504e-06    7.200000000000000000e+01    1.819000000000000000e+03
2.000000000000000000e+01    9.933101090990993989e-04    2.007305089070905941e-06    7.600000000000000000e+01    1.920000000000000000e+03
2.100000000000000000e+01    9.121816524701349682e-04    1.696379564922194794e-06    8.000000000000000000e+01    2.021000000000000000e+03
2.200000000000000000e+01    8.371696513699295860e-04    1.431585906969913600e-06    8.400000000000000000e+01    2.122000000000000000e+03
2.300000000000000000e+01    7.723595515436026959e-04    1.220379860200145198e-06    8.800000000000000000e+01    2.223000000000000000e+03
2.400000000000000000e+01    7.111044809614177741e-04    1.036535056646734486e-06    9.200000000000000000e+01    2.324000000000000000e+03
2.500000000000000000e+01    6.581656782584785134e-04    8.890126009110885957e-07    9.600000000000000000e+01    2.425000000000000000e+03
2.600000000000000000e+01    6.075845735387517448e-04    7.591066403475794540e-07    1.000000000000000000e+02    2.526000000000000000e+03
2.700000000000000000e+01    5.636161409846019961e-04    6.538827235692157827e-07    1.040000000000000000e+02    2.627000000000000000e+03
2.800000000000000000e+01    5.214533414447187001e-04    5.607696342056319194e-07    1.080000000000000000e+02    2.728000000000000000e+03
2.900000000000000000e+01    4.844908201381598772e-04    4.845440849655496000e-07    1.120000000000000000e+02    2.829000000000000000e+03
3.000000000000000000e+01    4.490670834302304317e-04    4.170262037746592891e-07    1.160000000000000000e+02    2.930000000000000000e+03
3.100000000000000000e+01    4.177236458767755092e-04    3.611732143907501253e-07    1.200000000000000000e+02    3.031000000000000000e+03
3.200000000000000000e+01    3.877666665210427314e-04    3.117535237604053429e-07    1.240000000000000000e+02    3.132000000000000000e+03
3.300000000000000000e+01    3.610222508438722718e-04    2.704792264908772672e-07    1.280000000000000000e+02    3.233000000000000000e+03
3.400000000000000000e+01    3.355512812734701318e-04    2.340296886331183416e-07    1.320000000000000000e+02    3.334000000000000000e+03
3.500000000000000000e+01    3.126275618468359833e-04    2.033322370747623274e-07    1.360000000000000000e+02    3.435000000000000000e+03
3.600000000000000000e+01    2.908741638428841321e-04    1.762808413809552858e-07    1.400000000000000000e+02    3.536000000000000000e+03
3.700000000000000000e+01    2.711589868664984271e-04    1.533360764938017341e-07    1.440000000000000000e+02    3.637000000000000000e+03
3.800000000000000000e+01    2.525119960035431725e-04    1.331563973611729318e-07    1.480000000000000000e+02    3.738000000000000000e+03
3.900000000000000000e+01    2.355123896962538948e-04    1.159385742652993548e-07    1.520000000000000000e+02    3.839000000000000000e+03
4.000000000000000000e+01    2.194791873624950837e-04    1.008208260239901477e-07    1.560000000000000000e+02    3.940000000000000000e+03
4.100000000000000000e+01    2.047910613478339426e-04    8.785895862207473358e-08    1.600000000000000000e+02    4.041000000000000000e+03
4.200000000000000000e+01    1.909699109901827384e-04    7.649295272237698118e-08    1.640000000000000000e+02    4.142000000000000000e+03
4.300000000000000000e+01    1.782576942313515754e-04    6.670889109522907569e-08    1.680000000000000000e+02    4.243000000000000000e+03
4.400000000000000000e+01    1.663176581229452468e-04    5.813777726765874453e-08    1.720000000000000000e+02    4.344000000000000000e+03
4.500000000000000000e+01    1.553000208467239312e-04    5.073560119069419537e-08    1.760000000000000000e+02    4.445000000000000000e+03
4.600000000000000000e+01    1.449661329460519613e-04    4.425547595719777190e-08    1.800000000000000000e+02    4.546000000000000000e+03
4.700000000000000000e+01    1.354055646432049495e-04    3.864428297052703136e-08    1.840000000000000000e+02    4.647000000000000000e+03
4.800000000000000000e+01    1.264476981179626534e-04    3.373417223920582141e-08    1.880000000000000000e+02    4.748000000000000000e+03
4.900000000000000000e+01    1.181426288231406341e-04    2.947326745401532528e-08    1.920000000000000000e+02    4.849000000000000000e+03
5.000000000000000000e+01    1.103669998860548873e-04    2.574562145444263519e-08    1.960000000000000000e+02    4.950000000000000000e+03
5.100000000000000000e+01    1.031456704221231472e-04    2.250510044611592557e-08    2.000000000000000000e+02    5.051000000000000000e+03
5.200000000000000000e+01    9.638825325165448286e-05    1.967038274309682924e-08    2.040000000000000000e+02    5.152000000000000000e+03
5.300000000000000000e+01    9.010383766890966105e-05    1.720250032518725901e-08    2.080000000000000000e+02    5.253000000000000000e+03
5.400000000000000000e+01    8.422518722061825465e-05    1.504360926780151335e-08    2.120000000000000000e+02    5.354000000000000000e+03
5.500000000000000000e+01    7.875184468015273263e-05    1.316181561316877966e-08    2.160000000000000000e+02    5.455000000000000000e+03
5.600000000000000000e+01    7.363297343546575449e-05    1.151545336649344107e-08    2.200000000000000000e+02    5.556000000000000000e+03
5.700000000000000000e+01    6.886261117486373515e-05    1.007894832281853707e-08    2.240000000000000000e+02    5.657000000000000000e+03
5.800000000000000000e+01    6.440166720028625308e-05    8.821955037652665979e-09    2.280000000000000000e+02    5.758000000000000000e+03
5.900000000000000000e+01    6.024126084644208345e-05    7.724248229283765248e-09    2.320000000000000000e+02    5.859000000000000000e+03
6.000000000000000000e+01    5.635082411556521282e-05    6.763517873165076799e-09    2.360000000000000000e+02    5.960000000000000000e+03
6.100000000000000000e+01    5.272018309960542726e-05    5.923920124337514759e-09    2.400000000000000000e+02    6.061000000000000000e+03
6.200000000000000000e+01    4.932504541122648226e-05    5.188921572487005025e-09    2.440000000000000000e+02    6.162000000000000000e+03
6.300000000000000000e+01    4.615493894313596864e-05    4.546192615226361035e-09    2.480000000000000000e+02    6.263000000000000000e+03
6.400000000000000000e+01    4.319026685600717915e-05    3.983399081296454394e-09    2.520000000000000000e+02    6.364000000000000000e+03
6.500000000000000000e+01    4.042084514376690968e-05    3.490990245371721229e-09    2.560000000000000000e+02    6.465000000000000000e+03
6.600000000000000000e+01    3.783064970425398097e-05    3.059714141777005858e-09    2.600000000000000000e+02    6.566000000000000000e+03
6.700000000000000000e+01    3.541010894198880015e-05    2.682195942588407586e-09    2.640000000000000000e+02    6.667000000000000000e+03
6.800000000000000000e+01    3.314596362934829491e-05    2.351464329279312398e-09    2.680000000000000000e+02    6.768000000000000000e+03
6.900000000000000000e+01    3.102941355674587964e-05    2.061837073825126305e-09    2.720000000000000000e+02    6.869000000000000000e+03
7.000000000000000000e+01    2.904937484370913469e-05    1.808041586573094268e-09    2.760000000000000000e+02    6.970000000000000000e+03
7.100000000000000000e+01    2.719787551453493180e-05    1.585706794309027692e-09    2.800000000000000000e+02    7.071000000000000000e+03
7.200000000000000000e+01    2.546557011372774283e-05    1.390832148189347451e-09    2.840000000000000000e+02    7.172000000000000000e+03
7.300000000000000000e+01    2.384531060951815382e-05    1.220057744364952773e-09    2.880000000000000000e+02    7.273000000000000000e+03
7.400000000000000000e+01    2.232916078417425295e-05    1.070341271304407907e-09    2.920000000000000000e+02    7.374000000000000000e+03
7.500000000000000000e+01    2.091075743407848537e-05    9.391014277984463449e-10    2.960000000000000000e+02    7.475000000000000000e+03
7.600000000000000000e+01    1.958332135004471394e-05    8.240193441845051665e-10    3.000000000000000000e+02    7.576000000000000000e+03
7.700000000000000000e+01    1.834121688121360686e-05    7.231125757849443485e-10    3.040000000000000000e+02    7.677000000000000000e+03
7.800000000000000000e+01    1.717862531499340646e-05    6.346109633134061325e-10    3.080000000000000000e+02    7.778000000000000000e+03
7.900000000000000000e+01    1.609057348479573716e-05    5.569917351836093133e-10    3.120000000000000000e+02    7.879000000000000000e+03
8.000000000000000000e+01    1.507204760483027542e-05    4.889015023786940256e-10    3.160000000000000000e+02    7.980000000000000000e+03
8.100000000000000000e+01    1.411867041232147511e-05    4.291705222465421190e-10    3.200000000000000000e+02    8.081000000000000000e+03
8.200000000000000000e+01    1.322610804721091836e-05    3.767628866520587463e-10    3.240000000000000000e+02    8.182000000000000000e+03
8.300000000000000000e+01    1.239051471226531211e-05    3.307798650542003248e-10    3.280000000000000000e+02    8.283000000000000000e+03
8.400000000000000000e+01    1.160813467566638917e-05    2.904275880947035231e-10    3.320000000000000000e+02    8.384000000000000000e+03
8.500000000000000000e+01    1.087559329555094118e-05    2.550155989313730261e-10    3.360000000000000000e+02    8.485000000000000000e+03
8.600000000000000000e+01    1.018962907907543247e-05    2.239347889296963052e-10    3.400000000000000000e+02    8.586000000000000000e+03
8.700000000000000000e+01    9.547283299384136781e-06    1.966546117653201884e-10    3.440000000000000000e+02    8.687000000000000000e+03
8.800000000000000000e+01    8.945718859805754146e-06    1.727074823979199878e-10    3.480000000000000000e+02    8.788000000000000000e+03
8.900000000000000000e+01    8.382343081824523135e-06    1.516853225582705246e-10    3.520000000000000000e+02    8.889000000000000000e+03
9.000000000000000000e+01    7.854684608407297078e-06    1.332288629017562607e-10    3.560000000000000000e+02    8.990000000000000000e+03
9.100000000000000000e+01    7.360472243589831693e-06    1.170245228031451607e-10    3.600000000000000000e+02    9.091000000000000000e+03
9.200000000000000000e+01    6.897550747811680323e-06    1.027961640999194424e-10    3.640000000000000000e+02    9.192000000000000000e+03
9.300000000000000000e+01    6.463930857576737618e-06    9.030219375885132601e-11    3.680000000000000000e+02    9.293000000000000000e+03
9.400000000000000000e+01    6.057731217466745318e-06    7.933021495275803536e-11    3.720000000000000000e+02    9.394000000000000000e+03
9.500000000000000000e+01    5.677209571296734837e-06    6.969468690658224610e-11    3.760000000000000000e+02    9.495000000000000000e+03
9.600000000000000000e+01    5.320722323220905687e-06    6.123213315365181189e-11    3.800000000000000000e+02    9.596000000000000000e+03
9.700000000000000000e+01    4.986743490955507420e-06    5.379935856126483382e-11    3.840000000000000000e+02    9.697000000000000000e+03
9.800000000000000000e+01    4.673836212530989396e-06    4.727077486906718046e-11    3.880000000000000000e+02    9.798000000000000000e+03
9.900000000000000000e+01    4.380663800900585143e-06    4.153583766333099048e-11    3.920000000000000000e+02    9.899000000000000000e+03
1.000000000000000000e+02    4.105969391610150635e-06    3.649804345384627011e-11    3.960000000000000000e+02    1.000000000000000000e+04
1.010000000000000000e+02    3.848581950011206082e-06    3.207247808410029412e-11    4.000000000000000000e+02    1.010100000000000000e+04
1.020000000000000000e+02    3.607401506557939470e-06    2.818470237226825643e-11    4.040000000000000000e+02    1.020200000000000000e+04
1.030000000000000000e+02    3.381401982282183653e-06    2.476874626499643605e-11    4.080000000000000000e+02    1.030300000000000000e+04
1.040000000000000000e+02    3.169620294076159522e-06    2.176755458100593618e-11    4.120000000000000000e+02    1.040400000000000000e+04
1.050000000000000000e+02    2.971157214933503195e-06    1.913064685717305468e-11    4.160000000000000000e+02    1.050500000000000000e+04
1.060000000000000000e+02    2.785169186977380581e-06    1.681356016902459165e-11    4.200000000000000000e+02    1.060600000000000000e+04
1.070000000000000000e+02    2.610868005520988944e-06    1.477762625893598467e-11    4.240000000000000000e+02    1.070700000000000000e+04
1.080000000000000000e+02    2.447514550674874684e-06    1.298863430532008180e-11    4.280000000000000000e+02    1.080800000000000000e+04
1.090000000000000000e+02    2.294417802035431807e-06    1.141649661492434777e-11    4.320000000000000000e+02    1.090900000000000000e+04
1.100000000000000000e+02    2.150929948949805388e-06    1.003491431512803779e-11    4.360000000000000000e+02    1.101000000000000000e+04
1.110000000000000000e+02    2.016445058855785392e-06    8.820708738536605096e-12    4.400000000000000000e+02    1.111100000000000000e+04
1.120000000000000000e+02    1.890395193934484619e-06    7.753598551179818423e-12    4.440000000000000000e+02    1.121200000000000000e+04
1.130000000000000000e+02    1.772248934195941593e-06    6.815531137106150139e-12    4.480000000000000000e+02    1.131300000000000000e+04
1.140000000000000000e+02    1.661508242668727359e-06    5.991351213788397019e-12    4.520000000000000000e+02    1.141400000000000000e+04
1.150000000000000000e+02    1.557706965966540500e-06    5.266794985906835670e-12    4.560000000000000000e+02    1.151500000000000000e+04
